# Fix print output for fix logmf
0.004998996 0 0 54654
0.009997992 0 0 54654
0.014996988 0 0 54654
0.019995984 0 0 54654
0.02499498 0 0 54902
0.029993976 0 0 54902
0.034992972 0 0 54902
0.039991968 0 0 54902
0.044990964 0 0 55041
0.04998996 0 0 55041
0.054988956 0 0 55041
0.059987952 0 0 55041
0.064986948 0 0 55158
0.069985944 0 0 55158
0.07498494 0 0 55158
0.079983936 0 0 55158
0.084982932 0 0 55256
0.089981928 0 0 55256
0.094980924 0 0 55256
0.09997992 0 0 55256
0.104978916 0 0 55329
0.109977912 0 0 55329
0.114976908 0 0 55329
0.119975904 0 0 55329
0.1249749 4.88545920600297e-07 6 55377
0.129973896 5.49605730530645e-05 622 54779
0.134972892 0.000172685792355354 1929 53465
0.139971888 0.000305439446913045 3376 52005
0.144970884 0.000445065311911659 4928 50541
0.14996988 0.000581584054007239 6437 49066
0.154968876 0.000710656280695183 7853 47617
0.159967872 0.000828086923547984 9133 46351
0.164966868 0.000930889057209482 10254 45311
0.169965864 0.00101949547986926 11235 44341
0.17496486 0.00109921860764846 12134 43423
0.179963856 0.00116975911058374 12911 42643
0.184962852 0.00123256378642323 13615 42058
0.189961848 0.00128692251241106 14216 41476
0.194960844 0.00133407181129275 14717 40969
0.19995984 0.00137402027637709 15165 40508
0.204958836 0.00141014321794432 15563 40258
0.209957832 0.00144107407146855 15911 39910
0.214956828 0.00146854347495023 16210 39606
0.219955824 0.00149483794469183 16496 39323
0.22495482 0.00151758282314903 16736 39279
0.229953816 0.00153933353192353 16977 39038
0.234952812 0.00155689749363916 17175 38838
0.239951808 0.00157252465408685 17353 38657
0.244950804 0.00158701497417087 17508 38704
0.2499498 0.00159911013242315 17643 38572
0.254948796 0.0016097007763496 17761 38449
0.259947792 0.00161949539706519 17862 38349
0.264946788 0.00162835349941016 17956 38536
0.269945784 0.00163665029552764 18046 38445
0.27494478 0.00164322208824462 18121 38369
0.279943776 0.00164997213229197 18189 38300
0.284942772 0.00165543760720786 18252 38527
0.289941768 0.00166140867325304 18320 38457
0.294940764 0.00166564774159702 18368 38406
0.29993976 0.00167026368635788 18419 38354
0.304938756 0.00167374139842149 18458 38621
0.309937752 0.00167713405848338 18495 38581
0.314936748 0.00168036245581628 18531 38543
0.319935744 0.00168306258221128 18559 38512
0.32493474 0.00168529039207391 18583 38809
0.329933736 0.00168723924572934 18602 38788
0.334932732 0.00168919621407889 18622 38765
0.339931728 0.00169046149721483 18636 38748
0.344930724 0.00169160618033247 18649 39054
0.34992972 0.00169251163226021 18659 39037
0.354928716 0.00169309083214965 18665 39029
0.359927712 0.00169393472770474 18673 39018
0.364926708 0.00169430267360705 18678 39327
0.369925704 0.00169443502143988 18679 39323
0.3749247 0.00169443502143988 18679 39318
0.379923696 0.00169443502143988 18679 39312
0.384922692 0.00169443502143988 18679 39630
0.389921688 0.00169443502143988 18679 39623
0.394920684 0.00169443502143988 18679 39619
0.39991968 0.00169443502143988 18679 39612
0.404918676 0.00169443502143988 18679 39916
0.409917672 0.00169443502143988 18679 39905
0.414916668 0.00169443502143988 18679 39890
0.419915664 0.00169443502143988 18679 39876
0.42491466 0.00169443502143988 18679 40173
0.429913656 0.00169443502143988 18679 40151
0.434912652 0.00169443502143988 18679 40142
0.439911648 0.00169443502143988 18679 40125
0.444910644 0.00169443502143988 18679 40435
0.44990964 0.00169443502143988 18679 40417
0.454908636 0.00169443502143988 18679 40401
0.459907632 0.00169443502143988 18679 40392
0.464906628 0.00169443502143988 18679 40674
0.469905624 0.00169443502143988 18679 40659
0.47490462 0.00169443502143988 18679 40648
0.479903616 0.00169443502143988 18679 40623
0.484902612 0.00169443502143988 18679 40947
0.489901608 0.00169443502143988 18679 40915
0.494900604 0.00169443502143988 18679 40896
0.4998996 0.00169443502143988 18679 40881
0.504898596 0.00169443502143988 18679 41179
0.509897592 0.00169443502143988 18679 41158
0.514896588 0.00169443502143988 18679 41131
0.519895584 0.00169443502143988 18679 41104
0.52489458 0.00169443502143988 18679 41358
0.529893576 0.00169443502143988 18679 41332
0.534892572 0.00169443502143988 18679 41306
0.539891568 0.00169443502143988 18679 41272
0.544890564 0.00169443502143988 18679 41499
0.54988956 0.00169443502143988 18679 41470
0.554888556 0.00169443502143988 18679 41444
0.559887552 0.00169443502143988 18679 41419
0.564886548 0.00169443502143988 18679 41600
0.569885544 0.00169443502143988 18679 41582
0.57488454 0.00169443502143988 18679 41553
0.579883536 0.00169443502143988 18679 41524
0.584882532 0.00169443502143988 18679 41701
0.589881528 0.00169443502143988 18679 41668
0.594880524 0.00169443502143988 18679 41652
0.59987952 0.00169443502143988 18679 41631
0.604878516 0.00169443502143988 18679 41752
0.609877512 0.00169443502143988 18679 41723
0.614876508 0.00169443502143988 18679 41685
0.619875504 0.00169443502143988 18679 41652
0.6248745 0.00169443502143988 18679 41817
0.629873496 0.00169443502143988 18679 41798
0.634872492 0.00169443502143988 18679 41769
0.639871488 0.00169443502143988 18679 41745
0.644870484 0.00169443502143988 18679 41850
0.64986948 0.00169443502143988 18679 41824
0.654868476 0.00169443502143988 18679 41806
0.659867472 0.00169443502143988 18679 41779
0.664866468 0.00169454190479694 18681 41907
0.669865464 0.00169504219853208 18687 41873
0.67486446 0.00169517454636491 18688 41852
0.679863456 0.00169577360876299 18695 41822
0.684862452 0.00169631922948255 18701 41959
0.689861448 0.00169700531272905 18709 41933
0.694860444 0.00169802324998097 18719 41898
0.69985944 0.00169923872455879 18731 41870
0.704858436 0.00170095085975133 18750 41997
0.709857432 0.00170299848206972 18770 41962
0.714856428 0.00170518347767493 18797 41923
0.719855424 0.00170785562686716 18823 41871
0.72485442 0.00171039430783315 18852 41974
0.729853416 0.0017129956655652 18879 41929
0.734852412 0.00171701088365424 18923 41872
0.739851408 0.00172102498134987 18971 41807
0.744850404 0.00172416832668105 19005 41914
0.7498494 0.00172914607149679 19059 41838
0.754848396 0.00173457348566911 19120 41752
0.759847392 0.00174022108434312 19180 41670
0.764846388 0.00174591540233513 19247 41729
0.769845384 0.00175369652378252 19332 41630
0.77484438 0.00176176668497791 19422 41529
0.779843376 0.00176996359203902 19515 41416
0.784842372 0.00178006372119817 19628 41430
0.789841368 0.00179094398138575 19743 41299
0.794840364 0.00180275655031042 19874 41152
0.79983936 0.00181352320478039 19993 41010
0.804838356 0.00182575882555962 20130 41011
0.809837352 0.00184052446873041 20291 40845
0.814836348 0.0018554554623908 20461 40659
0.819835344 0.00187350515272706 20663 40454
0.82483434 0.00189268251360509 20867 40386
0.829833336 0.0019120960164329 21079 40159
0.834832332 0.00193309069895399 21316 39910
0.839831328 0.00195619989019307 21562 39652
0.844830324 0.00198137235662565 21838 39515
0.84982932 0.00200703754597955 22123 39223
0.854828316 0.00203532480402744 22439 38890
0.859827312 0.00206360533971477 22761 38559
0.864826308 0.00209339511060897 23089 38370
0.869825304 0.00212294653139936 23423 38025
0.8748243 0.00215499748465155 23776 37667
0.879823296 0.00218471035087096 24109 37321
0.884822292 0.00221473354431342 24443 37129
0.889821288 0.00224283718837115 24755 36807
0.894820284 0.00227198905293605 25083 36465
0.89981928 0.00230077742053951 25402 36133
0.904818276 0.00232957672013706 25724 35964
0.909817272 0.00235675650735761 26026 35657
0.914816268 0.00238309436786975 26319 35345
0.919815264 0.00241129236428237 26624 35029
0.92481426 0.0024379724342809 26930 34899
0.929813256 0.00246311410621074 27202 34618
0.934812252 0.00248792589298186 27471 34343
0.939811248 0.00250968135527021 27707 34093
0.944810244 0.0025298296295092 27933 34052
0.94980924 0.00254873611624133 28145 33822
0.954808236 0.00256683816049552 28340 33611
0.959807232 0.002583318723526 28516 33420
0.964806228 0.0025973179523296 28674 33444
0.969805224 0.00261064087685454 28825 33284
0.97480422 0.00262219852908138 28955 33136
0.979803216 0.00263267447952962 29069 33010
0.984802212 0.00264312102780871 29186 33072
0.989801208 0.00265227767692936 29293 32951
0.994800204 0.00266017773412132 29379 32853
0.9997992 0.00266818715476452 29464 32754
1.004798196 0.00267411007652531 29530 32867
1.009797192 0.00267972606487613 29589 32794
1.014796188 0.00268501831391565 29647 32721
1.019795184 0.00268900806752893 29692 32665
1.02479418 0.00269335232232343 29736 32821
1.029793176 0.00269650741546915 29770 32772
1.034792172 0.00269931639406791 29799 32719
1.039791168 0.00270192586649407 29827 32672
1.044790164 0.00270405490769375 29850 32855
1.04978916 0.00270554767420505 29867 32812
1.054788156 0.00270694530517381 29882 32781
1.059787152 0.00270828389249693 29898 32752
1.064786148 0.00270900718803373 29905 32944
1.069785144 0.00270969327128023 29913 32922
1.07478414 0.00270988717548571 29916 32888
1.079783136 0.00270988717548571 29916 32871
1.084782132 0.00270988717548571 29916 33095
1.089781128 0.00270988717548571 29916 33078
1.094780124 0.00270988717548571 29916 33070
1.09977912 0.00270988717548571 29916 33044
1.104778116 0.00270988717548571 29916 33278
1.109777112 0.00270988717548571 29916 33252
1.114776108 0.00270988717548571 29916 33234
1.119775104 0.00270988717548571 29916 33221
1.1247741 0.00270988717548571 29916 33446
1.129773096 0.00270988717548571 29916 33418
1.134772092 0.00270988717548571 29916 33385
1.139771088 0.00270988717548571 29916 33374
1.144770084 0.00270988717548571 29916 33609
1.14976908 0.00270988717548571 29916 33590
1.154768076 0.00270988717548571 29916 33569
1.159767072 0.00270988717548571 29916 33543
1.164766068 0.00270988717548571 29916 33785
1.169765064 0.00270988717548571 29916 33756
1.17476406 0.00270988717548571 29916 33740
1.179763056 0.00270988717548571 29916 33722
1.184762052 0.00270988717548571 29916 33968
1.189761048 0.00270988717548571 29916 33950
1.194760044 0.00270988717548571 29916 33929
1.19975904 0.00270988717548571 29916 33900
1.204758036 0.00270988717548571 29916 34143
1.209757032 0.00270988717548571 29916 34115
1.214756028 0.00270988717548571 29916 34090
1.219755024 0.00270988717548571 29916 34073
1.22475402 0.00270988717548571 29916 34319
1.229753016 0.00270988717548571 29916 34302
1.234752012 0.00270988717548571 29916 34275
1.239751008 0.00270988717548571 29916 34254
1.244750004 0.00270988717548571 29916 34516
1.249749 0.00270988717548571 29916 34493
1.254747996 0.00270988717548571 29916 34473
1.259746992 0.00270988717548571 29916 34444
1.264745988 0.00270988717548571 29916 34696
1.269744984 0.00270988717548571 29916 34676
1.27474398 0.00270988717548571 29916 34655
1.279742976 0.00270988717548571 29916 34624
1.284741972 0.00270988717548571 29916 34881
1.289740968 0.00270988717548571 29916 34855
1.294739964 0.00270988717548571 29916 34828
1.29973896 0.00270988717548571 29916 34792
1.304737956 0.00270988717548571 29916 35060
1.309736952 0.00270988717548571 29916 35037
1.314735948 0.00270988717548571 29916 35017
1.319734944 0.00270988717548571 29916 34998
1.32473394 0.00270988717548571 29916 35295
1.329732936 0.00270988717548571 29916 35276
1.334731932 0.00270988717548571 29916 35253
1.339730928 0.00270988717548571 29916 35229
1.344729924 0.00270988717548571 29916 35505
1.34972892 0.00270988717548571 29916 35488
1.354727916 0.00270988717548571 29916 35465
1.359726912 0.00270988717548571 29916 35442
1.364725908 0.00270988717548571 29916 35718
1.369724904 0.00270988717548571 29916 35702
1.3747239 0.00270988717548571 29916 35679
1.379722896 0.00270988717548571 29916 35663
1.384721892 0.00270988717548571 29916 35929
1.389720888 0.00270988717548571 29916 35906
1.394719884 0.00270988717548571 29916 35880
1.39971888 0.00270988717548571 29916 35867
1.404717876 0.00270988717548571 29916 36135
1.409716872 0.00270988717548571 29916 36097
1.414715868 0.00270988717548571 29916 36078
1.419714864 0.00270988717548571 29916 36055
1.42471386 0.00270988717548571 29916 36316
1.429712856 0.00270988717548571 29916 36291
1.434711852 0.00270988717548571 29916 36263
1.439710848 0.00270988717548571 29916 36229
1.444709844 0.00270988717548571 29916 36494
1.44970884 0.00270988717548571 29916 36464
1.454707836 0.00270988717548571 29916 36442
1.459706832 0.00270988717548571 29916 36418
1.464705828 0.00270988717548571 29916 36659
1.469704824 0.00270988717548571 29916 36637
1.47470382 0.00270988717548571 29916 36614
1.479702816 0.00270988717548571 29916 36590
1.484701812 0.00270988717548571 29916 36822
1.489700808 0.00270988717548571 29916 36801
1.494699804 0.00270988717548571 29916 36778
1.4996988 0.00270988717548571 29916 36761
1.504697796 0.00270988717548571 29916 36976
1.509696792 0.00270988717548571 29916 36955
1.514695788 0.00270988717548571 29916 36935
1.519694784 0.00270988717548571 29916 36892
1.52469378 0.00270988717548571 29916 37082
1.529692776 0.00270988717548571 29916 37055
1.534691772 0.00270988717548571 29916 37036
1.539690768 0.00270988717548571 29916 37016
1.544689764 0.00270988717548571 29916 37201
1.54968876 0.00270988717548571 29916 37172
1.554687756 0.00270988717548571 29916 37135
1.559686752 0.00270988717548571 29916 37114
1.564685748 0.00270988717548571 29916 37233
1.569684744 0.00270988717548571 29916 37214
1.57468374 0.00270988717548571 29916 37184
1.579682736 0.00270988717548571 29916 37151
1.584681732 0.00270988717548571 29916 37268
1.589680728 0.00270988717548571 29916 37238
1.594679724 0.00270988717548571 29916 37215
1.59967872 0.00270988717548571 29916 37199
1.604677716 0.00270988717548571 29916 37304
1.609676712 0.00270988717548571 29916 37285
1.614675708 0.00270988717548571 29916 37254
1.619674704 0.00270988717548571 29916 37233
1.6246737 0.00270988717548571 29916 37315
1.629672696 0.00270988717548571 29916 37286
1.634671692 0.00270988717548571 29916 37272
1.639670688 0.00270988717548571 29916 37248
1.644669684 0.00270988717548571 29916 37344
1.64966868 0.00270988717548571 29916 37311
1.654667676 0.00270988717548571 29916 37299
1.659666672 0.00271001952331854 29917 37288
1.664665668 0.00271001952331854 29917 37360
1.669664664 0.0027102470066939 29920 37337
1.67466366 0.00271035389005096 29922 37322
1.679662656 0.00271058137342632 29925 37307
1.684661652 0.00271103437133034 29932 37391
1.689660648 0.00271225432748186 29946 37356
1.694659644 0.0027131597794096 29956 37329
1.69965864 0.00271432880660959 29972 37289
1.704657636 0.00271541641492827 29985 37363
1.709656632 0.00271720185430799 30006 37321
1.714655628 0.00271953739598096 30035 37275
1.719654624 0.00272229181250776 30067 37224
1.72465362 0.00272401654396811 30089 37301
1.729652616 0.00272759051196766 30126 37249
1.734651612 0.00273078281740368 30159 37195
1.739650608 0.00273519844017149 30212 37122
1.744649604 0.00273984266670808 30264 37173
1.7496486 0.00274459489699516 30314 37106
1.754647596 0.00274974556311431 30374 37029
1.759646592 0.00275566848487509 30440 36949
1.764645588 0.00276115463812009 30501 36991
1.769644584 0.002767330507732 30569 36911
1.77464358 0.00277306960882812 30632 36824
1.779642576 0.0027795594387835 30700 36739
1.784641572 0.00278707532068492 30779 36759
1.789640568 0.00279482035023543 30861 36661
1.794639564 0.00280308302330273 30947 36556
1.79963856 0.00281167697386233 31043 36447
1.804637556 0.00282200964448365 31153 36432
1.809636552 0.00283228048679218 31268 36300
1.814635548 0.00284310058294069 31388 36158
1.819634544 0.0028548370303782 31515 36015
1.82463354 0.00286531240431332 31637 36002
1.829632536 0.00287638544831295 31759 35870
1.834631532 0.00288961551071503 31906 35705
1.839630528 0.0029030741768859 32052 35545
1.844629524 0.00291688092645041 32202 35512
1.84962852 0.00293207355916916 32367 35342
1.854627516 0.0029488952112926 32542 35150
1.859626512 0.00296509512120934 32725 34965
1.864625508 0.00298250520830976 32921 34896
1.869624504 0.00300094161929636 33121 34694
1.8746235 0.0030184874480427 33312 34486
1.879622496 0.00303748934225751 33519 34270
1.884621492 0.00305758190139831 33746 34174
1.889620488 0.00307851054597306 33979 33936
1.894619484 0.00309923269007452 34206 33690
1.89961848 0.00311902643049947 34427 33462
1.904617476 0.00313908041764921 34654 33362
1.909616472 0.00315870571834445 34871 33139
1.914615468 0.0031777289000343 35074 32928
1.919614464 0.0031960682392645 35279 32713
1.92461346 0.00321275866394853 35467 32653
1.929612456 0.00322905428592092 35644 32462
1.934611452 0.00324322392330093 35805 32295
1.939610448 0.00325543550457078 35938 32154
1.944609444 0.00326588904715055 36060 32178
1.94960844 0.00327615428749197 36177 32057
1.954607436 0.00328467995931838 36277 31940
1.959606432 0.00329229403336963 36365 31839
1.964605428 0.00329887030766031 36442 31901
1.969604424 0.00330438277383434 36505 31822
1.97460342 0.00330947188358084 36563 31750
1.979602416 0.00331407804937386 36613 31687
1.984601412 0.00331729469889222 36649 31796
1.989600408 0.00332062495412819 36681 31753
1.994599404 0.00332304500392258 36708 31710
1.9995984 0.00332527030105821 36729 31679
2.004597396 0.00332710218781577 36746 31822
2.009596392 0.00332835935625759 36759 31799
2.014595388 0.00332954936635964 36772 31768
2.019594384 0.00333026902877602 36780 31739
2.02459338 0.00333070413301809 36785 31936
2.029592376 0.00333070413301809 36785 31925
2.034591372 0.00333070413301809 36785 31909
2.039590368 0.00333070413301809 36785 31891
2.044589364 0.00333070413301809 36785 32058
2.04958836 0.00333070413301809 36785 32041
2.054587356 0.00333070413301809 36785 32018
2.059586352 0.00333070413301809 36785 32007
2.064585348 0.00333070413301809 36785 32200
2.069584344 0.00333070413301809 36785 32176
2.07458334 0.00333070413301809 36785 32154
2.079582336 0.00333070413301809 36785 32138
2.084581332 0.00333070413301809 36785 32312
2.089580328 0.00333070413301809 36785 32288
2.094579324 0.00333070413301809 36785 32272
2.09957832 0.00333070413301809 36785 32246
2.104577316 0.00333070413301809 36785 32441
2.109576312 0.00333070413301809 36785 32424
2.114575308 0.00333070413301809 36785 32405
2.119574304 0.00333070413301809 36785 32389
2.1245733 0.00333070413301809 36785 32594
2.129572296 0.00333070413301809 36785 32577
2.134571292 0.00333070413301809 36785 32557
2.139570288 0.00333070413301809 36785 32530
2.144569284 0.00333070413301809 36785 32654
2.14956828 0.00333070413301809 36785 32634
2.154567276 0.00333070413301809 36785 32617
2.159566272 0.00333070413301809 36785 32600
2.164565268 0.00333070413301809 36785 32708
2.169564264 0.00333070413301809 36785 32693
2.17456326 0.00333070413301809 36785 32674
2.179562256 0.00333070413301809 36785 32657
2.184561252 0.00333070413301809 36785 32746
2.189560248 0.00333070413301809 36785 32718
2.194559244 0.00333070413301809 36785 32694
2.19955824 0.00333070413301809 36785 32680
2.204557236 0.00333070413301809 36785 32758
2.209556232 0.00333070413301809 36785 32731
2.214555228 0.00333070413301809 36785 32699
2.219554224 0.00333070413301809 36785 32674
2.22455322 0.00333070413301809 36785 32727
2.229552216 0.00333070413301809 36785 32712
2.234551212 0.00333070413301809 36785 32702
2.239550208 0.00333070413301809 36785 32681
2.244549204 0.00333070413301809 36785 32715
2.2495482 0.00333070413301809 36785 32691
2.254547196 0.00333070413301809 36785 32673
2.259546192 0.00333070413301809 36785 32657
2.264545188 0.00333070413301809 36785 32699
2.269544184 0.00333070413301809 36785 32684
2.27454318 0.00333070413301809 36785 32670
2.279542176 0.00333070413301809 36785 32656
2.284541172 0.00333070413301809 36785 32674
2.289540168 0.00333070413301809 36785 32664
2.294539164 0.00333070413301809 36785 32647
2.29953816 0.00333070413301809 36785 32632
2.304537156 0.00333070413301809 36785 32662
2.309536152 0.00333070413301809 36785 32652
2.314535148 0.00333070413301809 36785 32637
2.319534144 0.00333070413301809 36785 32622
2.32453314 0.00333070413301809 36785 32630
2.329532136 0.00333070413301809 36785 32618
2.334531132 0.00333070413301809 36785 32609
2.339530128 0.00333070413301809 36785 32600
2.344529124 0.00333070413301809 36785 32603
2.34952812 0.00333070413301809 36785 32585
2.354527116 0.00333070413301809 36785 32574
2.359526112 0.00333070413301809 36785 32568
2.364525108 0.00333070413301809 36785 32574
2.369524104 0.00333070413301809 36785 32569
2.3745231 0.00333070413301809 36785 32566
2.379522096 0.00333070413301809 36785 32560
2.384521092 0.00333070413301809 36785 32563
2.389520088 0.00333070413301809 36785 32560
2.394519084 0.00333070413301809 36785 32554
2.39951808 0.00333070413301809 36785 32547
2.404517076 0.00333070413301809 36785 32552
2.409516072 0.00333070413301809 36785 32538
2.414515068 0.00333070413301809 36785 32526
2.419514064 0.00333070413301809 36785 32519
