# Fix print output for fix logmf
0.00500411 0 0 4325
0.01000822 0 0 4325
0.01501233 0 0 4325
0.02001644 0 0 4376
0.02502055 0 0 4376
0.03002466 0 0 4376
0.03502877 0 0 4376
0.04003288 0 0 4402
0.04503699 0 0 4396
0.0500411 0 0 4392
0.05504521 0 0 4387
0.06004932 0 0 4396
0.06505343 0 0 4394
0.07005754 0 0 4392
0.07506165 0 0 4390
0.08006576 0 0 4395
0.08506987 0 0 4392
0.09007398 0 0 4391
0.09507809 0 0 4391
0.1000822 0 0 4399
0.10508631 0 0 4399
0.11009042 0 0 4399
0.11509453 0 0 4399
0.12009864 0 0 4408
0.12510275 0 0 4408
0.13010686 0 0 4408
0.13511097 0 0 4407
0.14011508 0 0 4418
0.14511919 0 0 4418
0.1501233 3.13482593790332e-07 2 4414
0.15512741 5.73283837686511e-07 4 4412
0.16013152 7.30025134581676e-07 5 4427
0.16513563 9.89826378477855e-07 7 4425
0.17013974 1.05311806842985e-06 8 4424
0.17514385 1.15617801543087e-06 9 4422
0.18014796 1.38582134233587e-06 12 4440
0.18515207 1.61546466924088e-06 15 4435
0.19015618 1.87526591313706e-06 17 4432
0.19516029 1.97832586013807e-06 18 4430
0.2001644 2.13506715703324e-06 19 4460
0.20516851 2.2918084539284e-06 20 4458
0.21017262 2.39486840092942e-06 21 4457
0.21517673 2.45816009088141e-06 22 4456
0.22018084 2.45816009088141e-06 22 4492
0.22518495 2.61490138777658e-06 23 4490
0.23018906 2.61490138777658e-06 23 4489
0.23519317 2.61490138777658e-06 23 4486
0.24019728 2.67819307772858e-06 24 4537
0.24520139 3.15802730847192e-06 28 4529
0.2502055 3.31476860536709e-06 29 4524
0.25520961 3.31476860536709e-06 29 4520
0.26021372 3.4811202423201e-06 31 4573
0.26521783 3.89766278311144e-06 34 4567
0.27022194 4.27013431406648e-06 38 4563
0.27522605 4.33342600401848e-06 39 4560
0.28023016 4.39671769397047e-06 40 4616
0.28523427 4.70589753497351e-06 43 4609
0.29023838 4.97530911892754e-06 46 4605
0.29524249 4.97530911892754e-06 46 4602
0.3002466 5.24472070288156e-06 49 4648
0.30525071 5.37130408278556e-06 51 4639
0.31025482 5.79745696363475e-06 55 4631
0.31525893 6.13016023754077e-06 59 4625
0.32026304 6.13016023754077e-06 59 4674
0.32526715 6.39957182149479e-06 62 4664
0.33027126 6.71305441528512e-06 64 4658
0.33527537 6.81611436228614e-06 65 4651
0.34027948 6.91917430928715e-06 66 4703
0.34528359 6.91917430928715e-06 66 4696
0.3502877 7.38939819997265e-06 69 4689
0.35529181 7.59551809397467e-06 71 4679
0.36029592 7.8016379879767e-06 73 4726
0.36530003 8.00775788197873e-06 75 4718
0.37030414 8.16449917887389e-06 76 4712
0.37530825 8.63042031677209e-06 80 4707
0.38031236 8.73348026377311e-06 81 4754
0.38531647 8.83654021077412e-06 82 4747
0.39032058 9.0963414546703e-06 84 4743
0.39532469 9.35614269856647e-06 86 4733
0.4003288 9.41943438851847e-06 87 4776
0.40533291 9.68884597247249e-06 90 4767
0.41033702 9.95825755642652e-06 93 4755
0.41534113 1.00215492463785e-05 94 4748
0.42034524 1.01246091933795e-05 95 4793
0.42534935 1.01246091933795e-05 95 4782
0.43035346 1.05013834771219e-05 98 4775
0.43535757 1.05013834771219e-05 98 4770
0.44036168 1.05013834771219e-05 98 4822
0.44536579 1.0658124774017e-05 99 4812
0.4503699 1.09179260179132e-05 101 4805
0.45537401 1.11379590047604e-05 103 4800
0.46037812 1.14073705887144e-05 106 4845
0.46538223 1.16370139156194e-05 109 4838
0.47038634 1.18666572425244e-05 112 4831
0.47539045 1.20330088794774e-05 114 4823
0.48039456 1.21897501763726e-05 115 4873
0.48539867 1.24495514202687e-05 117 4866
0.49040278 1.25761348001727e-05 119 4856
0.49540689 1.30463586908582e-05 122 4846
0.500411 1.32030999877534e-05 123 4892
0.50541511 1.33598412846486e-05 124 4886
0.51041922 1.37462259084487e-05 128 4876
0.51542333 1.37462259084487e-05 128 4866
0.52042744 1.41627684492401e-05 131 4913
0.52543155 1.44321800331941e-05 134 4901
0.53043566 1.46522130200413e-05 136 4887
0.53543977 1.46522130200413e-05 136 4885
0.54044388 1.51718155078336e-05 140 4930
0.54544799 1.53285568047288e-05 141 4923
0.5504521 1.5588358048625e-05 143 4915
0.55545621 1.57450993455201e-05 144 4906
0.56046032 1.59114509824731e-05 146 4955
0.56546443 1.62249335762635e-05 148 4946
0.57046854 1.63912852132165e-05 150 4938
0.57547265 1.66510864571127e-05 152 4930
0.58047676 1.66510864571127e-05 152 4976
0.58548087 1.68078277540078e-05 153 4968
0.59048498 1.7027860740855e-05 155 4961
0.59548909 1.7233980634857e-05 157 4958
0.6004932 1.74540136217042e-05 159 5007
0.60549731 1.77138148656003e-05 161 4997
0.61050142 1.77138148656003e-05 161 4994
0.61550553 1.77138148656003e-05 161 4985
0.62050964 1.79338478524475e-05 163 5028
0.62551375 1.81001994894005e-05 165 5019
0.63051786 1.84630606802977e-05 168 5011
0.63552197 1.84630606802977e-05 168 5003
0.64052608 1.87228619241939e-05 170 5051
0.64553019 1.89289818181959e-05 172 5042
0.6505343 1.90320417651969e-05 173 5033
0.65553841 1.91351017121979e-05 174 5025
0.66054252 1.92918430090931e-05 175 5076
0.66554663 1.95118759959403e-05 177 5071
0.67055074 1.96782276328933e-05 179 5064
0.67555485 1.98349689297884e-05 180 5051
0.68055896 1.98982606197404e-05 181 5083
0.68556307 2.00013205667414e-05 182 5069
0.69056718 2.01580618636366e-05 183 5059
0.69557129 2.06282857543221e-05 186 5049
0.7005754 2.07313457013231e-05 187 5084
0.70557951 2.09911469452193e-05 189 5081
0.71058362 2.14945046088656e-05 194 5075
0.71558773 2.18036844498687e-05 197 5067
0.72059184 2.19700360868217e-05 199 5117
0.72559595 2.22394476707757e-05 202 5108
0.73060006 2.26119192017307e-05 206 5093
0.73560417 2.28180390957328e-05 208 5087
0.74060828 2.30778403396289e-05 210 5114
0.74561239 2.33376415835251e-05 212 5099
0.7506165 2.34943828804203e-05 213 5090
0.75562061 2.34943828804203e-05 213 5076
0.76062472 2.40772770581646e-05 218 5115
0.76562883 2.4557111288908e-05 222 5102
0.77063294 2.47138525858031e-05 223 5094
0.77563705 2.48705938826983e-05 224 5083
0.78064116 2.51303951265945e-05 226 5126
0.78564527 2.51936868165465e-05 227 5119
0.79064938 2.53504281134416e-05 228 5111
0.79565349 2.53504281134416e-05 228 5099
0.8006576 2.54137198033936e-05 229 5132
0.80566171 2.55167797503946e-05 230 5123
0.81066582 2.6036382238187e-05 234 5112
0.81566993 2.63498648319773e-05 236 5101
0.82067404 2.65559847259794e-05 238 5135
0.82567815 2.66590446729804e-05 239 5123
0.83068226 2.66590446729804e-05 239 5116
0.83568637 2.69821376068285e-05 242 5104
0.84069048 2.72021705936757e-05 244 5155
0.84569459 2.73589118905709e-05 245 5147
0.8506987 2.7745296514371e-05 249 5136
0.85570281 2.7745296514371e-05 249 5129
0.86070692 2.7808588204323e-05 250 5174
0.86571103 2.8038231531228e-05 253 5167
0.87071514 2.82980327751242e-05 255 5160
0.87571925 2.85578340190204e-05 257 5152
0.88072336 2.85578340190204e-05 257 5181
0.88572747 2.87145753159156e-05 258 5171
0.89073158 2.88809269528686e-05 260 5157
0.89573569 2.89442186428206e-05 261 5146
0.9007398 2.91105702797736e-05 263 5188
0.90574391 2.94336632136218e-05 266 5173
0.91074802 2.96397831076238e-05 268 5161
0.91575213 2.96397831076238e-05 268 5154
0.92075624 2.9962876041472e-05 271 5180
0.92576035 3.02226772853681e-05 273 5173
0.93076446 3.03794185822633e-05 274 5162
0.93576857 3.06488301662173e-05 277 5150
0.94077268 3.06488301662173e-05 277 5199
0.94577679 3.09321548430165e-05 280 5190
0.9507809 3.10888961399117e-05 281 5185
0.95578501 3.12950160339137e-05 283 5176
0.96078912 3.1774850264657e-05 287 5223
0.96579323 3.19315915615522e-05 288 5216
0.97079734 3.21913928054484e-05 290 5209
0.97580145 3.24511940493446e-05 292 5196
0.98080556 3.27109952932408e-05 294 5247
0.98580967 3.28140552402418e-05 295 5240
0.99081378 3.32004398640419e-05 299 5228
0.99581789 3.32004398640419e-05 299 5219
1.000822 3.32637315539939e-05 300 5267
1.00582611 3.35772141477843e-05 302 5263
1.01083022 3.37435657847373e-05 304 5257
1.01583433 3.37435657847373e-05 304 5248
1.02083844 3.41064269756345e-05 307 5290
1.02584255 3.41064269756345e-05 307 5285
1.03084666 3.45862612063778e-05 311 5269
1.03585077 3.4743002503273e-05 312 5258
1.04085488 3.4743002503273e-05 312 5306
1.04585899 3.4743002503273e-05 312 5298
1.0508631 3.4846062450274e-05 313 5290
1.05586721 3.4846062450274e-05 313 5283
1.06087132 3.4846062450274e-05 313 5335
1.06587543 3.52324470740742e-05 317 5322
1.07087954 3.52324470740742e-05 317 5317
1.07588365 3.52324470740742e-05 317 5312
1.08088776 3.53355070210752e-05 318 5354
1.08589187 3.53355070210752e-05 318 5346
1.09089598 3.53355070210752e-05 318 5344
1.09590009 3.55555400079224e-05 320 5332
1.1009042 3.55555400079224e-05 320 5382
1.10590831 3.57755729947696e-05 322 5377
1.11091242 3.58786329417706e-05 323 5373
1.11591653 3.58786329417706e-05 323 5366
1.12092064 3.63445540796688e-05 327 5409
1.12592475 3.65645870665159e-05 329 5391
1.13092886 3.6770706960518e-05 331 5382
1.13593297 3.70305082044141e-05 333 5371
1.14093708 3.71968598413672e-05 335 5422
1.14594119 3.74566610852633e-05 337 5408
1.1509453 3.76134023821585e-05 338 5400
1.15594941 3.78334353690057e-05 340 5391
1.16095352 3.78334353690057e-05 340 5436
1.16595763 3.80395552630077e-05 342 5425
1.17096174 3.80395552630077e-05 342 5415
1.17596585 3.80395552630077e-05 342 5406
1.18096996 3.81962965599029e-05 343 5448
1.18597407 3.841632954675e-05 345 5441
1.19097818 3.8479621236702e-05 346 5432
1.19598229 3.85826811837031e-05 347 5424
1.2009864 3.89594554674454e-05 350 5469
1.20599051 3.92686353084484e-05 353 5455
1.21099462 3.94253766053436e-05 354 5452
1.21599873 3.96851778492398e-05 356 5444
1.22100284 3.99052108360869e-05 358 5492
1.22600695 4.0008270783088e-05 359 5485
1.23101106 4.021439067709e-05 361 5477
1.23601517 4.021439067709e-05 361 5475
1.24101928 4.06405435579392e-05 365 5517
1.24602339 4.08605765447863e-05 367 5510
1.2510275 4.09238682347383e-05 368 5497
1.25603161 4.12373508285287e-05 370 5485
1.26103572 4.13006425184807e-05 371 5524
1.26603983 4.14037024654817e-05 372 5518
1.27104394 4.17267953993299e-05 375 5504
1.27604805 4.20359752403329e-05 378 5496
1.28105216 4.21927165372281e-05 379 5538
1.28605627 4.21927165372281e-05 379 5531
1.29106038 4.22560082271801e-05 380 5523
1.29606449 4.22560082271801e-05 380 5510
1.3010686 4.23590681741811e-05 381 5561
1.30607271 4.23590681741811e-05 381 5551
1.31107682 4.23590681741811e-05 381 5542
1.31608093 4.23590681741811e-05 381 5533
1.32108504 4.25158094710763e-05 382 5580
1.32608915 4.25158094710763e-05 382 5569
1.33109326 4.26725507679714e-05 383 5564
1.33609737 4.28292920648666e-05 384 5559
1.34110148 4.32060663486089e-05 387 5608
1.34610559 4.3372417985562e-05 389 5601
1.3511097 4.3538769622515e-05 391 5592
1.35611381 4.40583721103073e-05 395 5584
1.36111792 4.42247237472603e-05 397 5633
1.36612203 4.42247237472603e-05 397 5627
1.37112614 4.47980075849469e-05 401 5618
1.37613025 4.50674191689009e-05 404 5613
1.38113436 4.53272204127971e-05 406 5660
1.38613847 4.54302803597981e-05 407 5650
1.39114258 4.55333403067991e-05 408 5637
1.39614669 4.59498828475904e-05 411 5626
1.4011508 4.64694853353828e-05 415 5660
1.40615491 4.67388969193368e-05 418 5646
1.41115902 4.70523795131272e-05 420 5642
1.41616313 4.70523795131272e-05 420 5635
1.42116724 4.72820228400322e-05 423 5678
1.42617135 4.72820228400322e-05 423 5673
1.43117546 4.74086062199362e-05 425 5662
1.43617957 4.75116661669372e-05 426 5648
1.44118368 4.77316991537844e-05 428 5695
1.44618779 4.79517321406315e-05 430 5685
1.4511919 4.79517321406315e-05 430 5678
1.45619601 4.80150238305835e-05 431 5674
1.46120012 4.81180837775845e-05 432 5721
1.46620423 4.83381167644317e-05 434 5711
1.47120834 4.83381167644317e-05 434 5705
1.47621245 4.83381167644317e-05 434 5704
1.48121656 4.83381167644317e-05 434 5755
1.48622067 4.84411767114327e-05 435 5747
1.49122478 4.84411767114327e-05 435 5741
1.49622889 4.85979180083279e-05 436 5733
1.501233 4.86612096982799e-05 437 5782
1.50623711 4.86612096982799e-05 437 5777
1.51124122 4.86612096982799e-05 437 5768
1.51624533 4.88812426851271e-05 439 5764
1.52124944 4.90873625791291e-05 441 5811
1.52625355 4.93073955659763e-05 443 5802
1.53125766 4.97335484468255e-05 447 5792
1.53626177 4.99933496907216e-05 449 5790
1.54126588 5.03658212216767e-05 453 5839
1.54626999 5.0742595505419e-05 456 5828
1.5512741 5.10259201822182e-05 459 5817
1.55627821 5.12459531690653e-05 461 5809
1.56128232 5.17161770597509e-05 464 5854
1.56628643 5.17161770597509e-05 464 5848
1.57129054 5.17794687497029e-05 465 5842
1.57629465 5.17794687497029e-05 465 5834
1.58129876 5.18825286967039e-05 466 5878
1.58630287 5.19458203866559e-05 467 5866
1.59130698 5.20091120766079e-05 468 5860
1.59631109 5.20091120766079e-05 468 5856
1.6013152 5.2395496700408e-05 472 5900
1.60631931 5.25522379973032e-05 473 5893
1.61132342 5.25522379973032e-05 473 5886
1.61632753 5.28355626741024e-05 476 5883
1.62133164 5.28988543640544e-05 477 5933
1.62633575 5.28988543640544e-05 477 5925
1.63133986 5.30555956609496e-05 478 5916
1.63634397 5.30555956609496e-05 478 5913
1.64134808 5.31586556079506e-05 479 5966
1.64635219 5.32617155549516e-05 480 5954
1.6513563 5.33647755019526e-05 481 5944
1.65636041 5.34678354489536e-05 482 5934
1.66136452 5.36878684358008e-05 484 5966
1.66636863 5.37909283828018e-05 485 5958
1.67137274 5.411402131665e-05 488 5947
1.67637685 5.46336238044423e-05 492 5938
1.68138096 5.50833001181945e-05 497 5952
1.68638507 5.54998426589859e-05 500 5938
1.69138918 5.5656583955881e-05 501 5927
1.69639329 5.60827368367302e-05 505 5911
1.7013974 5.64058297705784e-05 508 5951
1.70640151 5.68319826514276e-05 512 5942
1.71140562 5.71013942353816e-05 515 5931
1.71640973 5.7581228466125e-05 519 5921
1.72141384 5.80073813469742e-05 523 5964
1.72641795 5.84776052376597e-05 526 5952
1.73142206 5.92709220621934e-05 532 5935
1.73642617 5.95940149960415e-05 535 5927
1.74143028 5.98236583229466e-05 538 5965
1.74643439 6.01961298539016e-05 542 5956
1.7514385 6.07296454345391e-05 546 5949
1.75644261 6.07296454345391e-05 546 5943
1.76144672 6.07929371244911e-05 547 5985
1.76645083 6.10225804513961e-05 550 5971
1.77145494 6.10858721413481e-05 551 5962
1.77645905 6.14089650751963e-05 554 5955
1.78146316 6.14722567651483e-05 555 5978
1.78646727 6.16922897519954e-05 557 5971
1.79147138 6.18490310488906e-05 558 5961
1.79647549 6.20057723457858e-05 559 5952
1.8014796 6.20690640357378e-05 560 5972
1.80648371 6.22751839297398e-05 562 5964
1.81148782 6.266156855354e-05 566 5952
1.81649193 6.2827920190493e-05 568 5942
1.82149604 6.3097331774447e-05 571 5948
1.82650015 6.3160623464399e-05 572 5943
1.83150426 6.3326975101352e-05 574 5938
1.83650837 6.36404576951423e-05 576 5931
1.84151248 6.39635506289905e-05 579 5929
1.84651659 6.40268423189425e-05 580 5922
1.8515207 6.43499352527907e-05 583 5911
1.85652481 6.43499352527907e-05 583 5907
1.86152892 6.45066765496858e-05 584 5912
1.86653303 6.45699682396378e-05 585 5912
1.87153714 6.45699682396378e-05 585 5909
1.87654125 6.45699682396378e-05 585 5905
1.88154536 6.46332599295898e-05 586 5909
1.88654947 6.4790001226485e-05 587 5905
1.89155358 6.4790001226485e-05 587 5903
1.89655769 6.4893061173486e-05 588 5898
1.9015618 6.4996121120487e-05 589 5898
1.90656591 6.4996121120487e-05 589 5897
1.91157002 6.4996121120487e-05 589 5892
1.91657413 6.5059412810439e-05 590 5889
1.92157824 6.5059412810439e-05 590 5894
1.92658235 6.53192140543352e-05 592 5891
1.93158646 6.53192140543352e-05 592 5890
1.93659057 6.53192140543352e-05 592 5887
1.94159468 6.53192140543352e-05 592 5892
1.94659879 6.54222740013362e-05 593 5890
1.9516029 6.54222740013362e-05 593 5887
1.95660701 6.54222740013362e-05 593 5884
1.96161112 6.54222740013362e-05 593 5886
1.96661523 6.55253339483372e-05 594 5885
1.97161934 6.55253339483372e-05 594 5879
1.97662345 6.55253339483372e-05 594 5878
1.98162756 6.55253339483372e-05 594 5881
1.98663167 6.55253339483372e-05 594 5880
1.99163578 6.55253339483372e-05 594 5879
1.99663989 6.55253339483372e-05 594 5879
2.001644 6.55253339483372e-05 594 5882
2.00664811 6.55253339483372e-05 594 5882
2.01165222 6.55253339483372e-05 594 5881
2.01665633 6.55253339483372e-05 594 5881
2.02166044 6.55253339483372e-05 594 5886
2.02666455 6.55253339483372e-05 594 5886
2.03166866 6.55253339483372e-05 594 5886
2.03667277 6.55253339483372e-05 594 5885
2.04167688 6.55253339483372e-05 594 5884
2.04668099 6.55253339483372e-05 594 5884
2.0516851 6.55253339483372e-05 594 5884
2.05668921 6.55253339483372e-05 594 5884
2.06169332 6.55253339483372e-05 594 5884
2.06669743 6.55253339483372e-05 594 5884
2.07170154 6.55253339483372e-05 594 5884
2.07670565 6.55253339483372e-05 594 5884
2.08170976 6.55253339483372e-05 594 5885
2.08671387 6.55253339483372e-05 594 5885
2.09171798 6.55253339483372e-05 594 5885
2.09672209 6.55253339483372e-05 594 5885
2.1017262 6.55253339483372e-05 594 5886
2.10673031 6.55253339483372e-05 594 5886
2.11173442 6.55253339483372e-05 594 5886
2.11673853 6.55253339483372e-05 594 5886
2.12174264 6.55253339483372e-05 594 5886
2.12674675 6.55253339483372e-05 594 5886
2.13175086 6.55253339483372e-05 594 5885
2.13675497 6.55253339483372e-05 594 5884
2.14175908 6.55253339483372e-05 594 5884
2.14676319 6.55253339483372e-05 594 5884
2.1517673 6.55253339483372e-05 594 5884
2.15677141 6.55253339483372e-05 594 5882
2.16177552 6.55253339483372e-05 594 5884
2.16677963 6.55253339483372e-05 594 5884
2.17178374 6.55253339483372e-05 594 5884
2.17678785 6.55253339483372e-05 594 5884
2.18179196 6.55253339483372e-05 594 5883
2.18679607 6.55253339483372e-05 594 5883
2.19180018 6.55253339483372e-05 594 5882
2.19680429 6.55253339483372e-05 594 5882
2.2018084 6.55253339483372e-05 594 5884
2.20681251 6.55253339483372e-05 594 5884
2.21181662 6.55253339483372e-05 594 5884
2.21682073 6.55253339483372e-05 594 5884
2.22182484 6.55253339483372e-05 594 5886
2.22682895 6.55253339483372e-05 594 5884
2.23183306 6.55253339483372e-05 594 5884
2.23683717 6.55253339483372e-05 594 5883
2.24184128 6.55253339483372e-05 594 5885
2.24684539 6.55253339483372e-05 594 5884
2.2518495 6.55253339483372e-05 594 5883
