# Fix print output for fix logmf
0.004997595 0 0 54826
0.00999519 0 0 54826
0.014992785 0 0 54826
0.01999038 0 0 54826
0.024987975 0 0 54945
0.02998557 0 0 54945
0.034983165 0 0 54945
0.03998076 0 0 54945
0.044978355 0 0 55064
0.04997595 0 0 55061
0.054973545 0 0 55051
0.05997114 0 0 55020
0.064968735 0 0 55107
0.06996633 0 0 55082
0.074963925 0 0 55060
0.07996152 0 0 55036
0.084959115 0 0 55142
0.08995671 0 0 55132
0.094954305 0 0 55114
0.0999519 0 0 55104
0.104949495 0 0 55210
0.10994709 0 0 55203
0.114944685 0 0 55198
0.11994228 0 0 55193
0.124939875 0 0 55311
0.12993747 0 0 55306
0.134935065 0 0 55303
0.13993266 1.22521404709066e-07 2 55299
0.144930255 9.62820063385368e-07 19 55401
