# Fix print output for fix logmf
0.00500411 0 0 3624
0.01000822 0 0 3624
0.01501233 0 0 3624
0.02001644 0 0 3680
0.02502055 0 0 3680
0.03002466 0 0 3680
0.03502877 0 0 3680
0.04003288 0 0 3723
0.04503699 0 0 3717
0.0500411 0 0 3712
0.05504521 0 0 3709
0.06004932 0 0 3725
0.06505343 0 0 3725
0.07005754 0 0 3724
0.07506165 0 0 3723
0.08006576 0 0 3733
0.08506987 0 0 3733
0.09007398 0 0 3732
0.09507809 0 0 3732
0.1000822 0 0 3741
0.10508631 0 0 3740
0.11009042 0 0 3740
0.11509453 0 0 3738
0.12009864 0 0 3746
0.12510275 0 0 3746
0.13010686 0 0 3745
0.13511097 0 0 3743
0.14011508 0 0 3756
0.14511919 0 0 3755
0.1501233 1.6635163695301e-07 2 3751
0.15512741 2.69411583954023e-07 3 3749
0.16013152 4.89444570801187e-07 5 3763
0.16513563 6.46185867696352e-07 6 3760
0.17013974 7.0947755764835e-07 7 3757
0.17514385 8.12537504649363e-07 8 3756
0.18014796 1.03257049149653e-06 10 3786
0.18515207 1.25260347834369e-06 12 3783
0.19015618 1.25260347834369e-06 12 3782
0.19516029 1.3556634253447e-06 13 3779
0.2001644 1.3556634253447e-06 13 3805
0.20516851 1.61546466924088e-06 15 3803
0.21017262 1.87526591313706e-06 17 3800
0.21517673 1.87526591313706e-06 17 3798
0.22018084 1.93855760308906e-06 18 3838
0.22518495 2.06514098299305e-06 20 3834
0.23018906 2.06514098299305e-06 20 3831
0.23519317 2.06514098299305e-06 20 3829
0.24019728 2.12843267294505e-06 21 3882
0.24520139 2.12843267294505e-06 21 3880
0.2502055 2.38823391684123e-06 23 3876
0.25520961 2.45152560679323e-06 24 3872
0.26021372 2.76500820058356e-06 26 3913
0.26521783 2.76500820058356e-06 26 3912
0.27022194 2.76500820058356e-06 26 3909
0.27522605 2.82829989053556e-06 27 3906
0.28023016 2.89159158048755e-06 28 3961
0.28523427 3.04833287738272e-06 29 3958
0.29023838 3.15139282438373e-06 30 3954
0.29524249 3.21468451433573e-06 31 3950
0.3002466 3.42080440833776e-06 33 3996
0.30525071 3.57754570523292e-06 34 3992
0.31025482 3.73428700212809e-06 35 3985
0.31525893 3.79757869208008e-06 36 3976
0.32026304 4.21412123287143e-06 39 4023
0.32526715 4.31718117987244e-06 40 4012
0.33027126 4.64027411372062e-06 43 4004
0.33527537 4.9633670475688e-06 46 3994
0.34027948 5.02665873752079e-06 47 4046
0.34528359 5.50649296826414e-06 51 4033
0.3502877 5.7265259551113e-06 53 4026
0.35529181 6.05922922901732e-06 57 4020
0.36029592 6.12252091896932e-06 58 4068
0.36530003 6.34255390581648e-06 60 4063
0.37030414 6.50890554276949e-06 62 4056
0.37530825 6.83199847661767e-06 65 4049
0.38031236 7.06164180352267e-06 68 4097
0.38531647 7.16470175052369e-06 69 4093
0.39032058 7.42450299441987e-06 71 4085
0.39532469 7.59085463137288e-06 73 4077
0.4003288 7.87417930817204e-06 76 4125
0.40533291 7.87417930817204e-06 76 4115
0.41033702 8.13398055206822e-06 78 4112
0.41534113 8.61381478281156e-06 82 4103
0.42034524 8.84345810971656e-06 85 4148
0.42534935 9.06349109656372e-06 87 4143
0.43035346 9.06349109656372e-06 87 4136
0.43535757 9.3865840304119e-06 90 4126
0.44036168 9.59270392441392e-06 92 4170
0.44536579 9.79882381841595e-06 94 4166
0.4503699 9.79882381841595e-06 94 4163
0.45537401 9.95556511531111e-06 95 4154
0.46037812 1.03280366462661e-05 99 4199
0.46538223 1.03280366462661e-05 99 4189
0.47038634 1.05576799731712e-05 102 4181
0.47539045 1.05576799731712e-05 102 4171
0.48039456 1.06607399201722e-05 103 4215
0.48539867 1.08270915571252e-05 105 4206
0.49040278 1.11362713981282e-05 108 4196
0.49540689 1.12393313451292e-05 109 4190
0.500411 1.17191655758726e-05 113 4236
0.50541511 1.17824572658246e-05 114 4225
0.51041922 1.20657819426237e-05 117 4216
0.51542333 1.22225232395189e-05 118 4205
0.52042744 1.23792645364141e-05 119 4249
0.52543155 1.24823244834151e-05 120 4240
0.53043566 1.25456161733671e-05 121 4230
0.53543977 1.27752595002721e-05 124 4219
0.54044388 1.30446710842261e-05 127 4267
0.54544799 1.32110227211791e-05 129 4261
0.5504521 1.35877970049214e-05 132 4251
0.55545621 1.39012795987118e-05 134 4242
0.56046032 1.39645712886638e-05 135 4282
0.56546443 1.40278629786158e-05 136 4274
0.57046854 1.43509559124639e-05 139 4263
0.57547265 1.44142476024159e-05 140 4253
0.58047676 1.45173075494169e-05 141 4296
0.58548087 1.4620367496418e-05 142 4292
0.59048498 1.4620367496418e-05 142 4286
0.59548909 1.4723427443419e-05 143 4275
0.6004932 1.49832286873151e-05 145 4323
0.60549731 1.49832286873151e-05 145 4315
0.61050142 1.52526402712692e-05 148 4307
0.61550553 1.53159319612212e-05 149 4299
0.62050964 1.54726732581163e-05 150 4333
0.62551375 1.57861558519067e-05 152 4327
0.63051786 1.57861558519067e-05 152 4317
0.63552197 1.6099638445697e-05 154 4308
0.64052608 1.64088182867e-05 157 4345
0.64553019 1.66288512735472e-05 159 4334
0.6505343 1.67319112205482e-05 160 4329
0.65553841 1.73383288311955e-05 166 4318
0.66054252 1.73383288311955e-05 166 4339
0.66554663 1.73383288311955e-05 166 4335
0.67055074 1.75981300750917e-05 168 4323
0.67555485 1.7911612668882e-05 170 4305
0.68055896 1.7974904358834e-05 171 4335
0.68556307 1.8038196048786e-05 172 4328
0.69056718 1.8038196048786e-05 172 4319
0.69557129 1.81949373456812e-05 173 4315
0.7005754 1.84010572396832e-05 175 4346
0.70557951 1.85577985365784e-05 176 4339
0.71058362 1.89839514174276e-05 180 4328
0.71558773 1.90472431073796e-05 181 4315
0.72059184 1.94240173911219e-05 184 4343
0.72559595 1.95807586880171e-05 185 4336
0.73060006 1.97374999849122e-05 186 4327
0.73560417 1.99575329717594e-05 188 4317
0.74060828 2.02269445557134e-05 191 4340
0.74561239 2.02269445557134e-05 191 4338
0.7506165 2.03932961926664e-05 193 4335
0.75562061 2.07163891265146e-05 196 4326
0.76062472 2.09858007104686e-05 199 4363
0.76562883 2.11123840903726e-05 201 4358
0.77063294 2.11123840903726e-05 201 4354
0.77563705 2.13817956743266e-05 204 4343
0.78064116 2.15879155683287e-05 206 4383
0.78564527 2.17542672052817e-05 208 4373
0.79064938 2.19206188422347e-05 210 4363
0.79565349 2.19206188422347e-05 210 4354
0.8006576 2.20236787892357e-05 211 4383
0.80566171 2.20236787892357e-05 211 4377
0.81066582 2.21267387362367e-05 212 4368
0.81566993 2.23961503201907e-05 215 4356
0.82067404 2.23961503201907e-05 215 4383
0.82567815 2.23961503201907e-05 215 4377
0.83068226 2.25625019571437e-05 217 4368
0.83568637 2.27825349439909e-05 219 4355
0.84069048 2.27825349439909e-05 219 4395
0.84569459 2.30025679308381e-05 221 4386
0.8506987 2.31593092277332e-05 222 4376
0.85570281 2.34727918215236e-05 224 4367
0.86070692 2.36391434584766e-05 226 4401
0.86571103 2.36391434584766e-05 226 4396
0.87071514 2.40159177422189e-05 229 4384
0.87571925 2.41189776892199e-05 230 4374
0.88072336 2.45053623130201e-05 234 4418
0.88572747 2.45686540029721e-05 235 4409
0.89073158 2.46717139499731e-05 236 4401
0.89573569 2.51611585207743e-05 241 4391
0.9007398 2.53178998176694e-05 242 4416
0.90574391 2.53811915076214e-05 243 4407
0.91074802 2.54842514546225e-05 244 4396
0.91575213 2.57042844414696e-05 246 4382
0.92075624 2.58610257383648e-05 247 4419
0.92576035 2.59640856853658e-05 248 4412
0.93076446 2.6184118672213e-05 250 4399
0.93576857 2.6247410362165e-05 251 4392
0.94077268 2.6350470309166e-05 252 4436
0.94577679 2.6453530256167e-05 253 4429
0.9507809 2.661988189312e-05 255 4416
0.95578501 2.67766231900152e-05 256 4408
0.96078912 2.71394843809123e-05 259 4448
0.96579323 2.72425443279134e-05 260 4441
0.97079734 2.73058360178654e-05 261 4433
0.97580145 2.76686972087625e-05 264 4417
0.98080556 2.78350488457156e-05 266 4464
0.98580967 2.81442286867186e-05 269 4452
0.99081378 2.81442286867186e-05 269 4442
0.99581789 2.85070898776158e-05 272 4429
1.000822 2.86638311745109e-05 273 4473
1.00582611 2.88838641613581e-05 275 4461
1.01083022 2.88838641613581e-05 275 4454
1.01583433 2.91436654052543e-05 277 4440
1.02083844 2.93733087321593e-05 280 4479
1.02584255 2.94763686791603e-05 281 4467
1.03084666 2.95794286261613e-05 282 4456
1.03585077 2.97060120060653e-05 284 4448
1.04085488 2.97693036960173e-05 285 4479
1.04585899 2.99260449929125e-05 286 4474
1.0508631 3.02395275867028e-05 288 4463
1.05586721 3.05089391706568e-05 291 4450
1.06087132 3.08018741875138e-05 295 4495
1.06587543 3.08018741875138e-05 295 4488
1.07087954 3.09049341345149e-05 296 4475
1.07588365 3.1331087015364e-05 300 4467
1.08088776 3.14341469623651e-05 301 4505
1.08589187 3.14341469623651e-05 301 4501
1.09089598 3.15908882592602e-05 302 4492
1.09590009 3.18602998432143e-05 305 4484
1.1009042 3.18602998432143e-05 305 4521
1.10590831 3.20803328300614e-05 307 4514
1.11091242 3.21833927770624e-05 308 4505
1.11591653 3.23401340739576e-05 309 4497
1.12092064 3.25999353178538e-05 311 4543
1.12592475 3.2819968304701e-05 313 4535
1.13092886 3.2883259994653e-05 314 4526
1.13593297 3.3152671578607e-05 317 4513
1.14093708 3.33094128755021e-05 318 4554
1.14594119 3.35390562024072e-05 321 4542
1.1509453 3.36656395823112e-05 323 4532
1.15594941 3.36656395823112e-05 323 4526
1.16095352 3.37289312722632e-05 324 4557
1.16595763 3.38319912192642e-05 325 4546
1.17096174 3.39350511662652e-05 326 4538
1.17596585 3.40616345461692e-05 328 4527
1.18096996 3.42279861831222e-05 330 4561
1.18597407 3.42279861831222e-05 330 4557
1.19097818 3.43847274800174e-05 331 4550
1.19598229 3.44877874270184e-05 332 4541
1.2009864 3.45908473740194e-05 333 4566
1.20599051 3.45908473740194e-05 333 4561
1.21099462 3.47475886709146e-05 334 4552
1.21599873 3.48506486179156e-05 335 4542
1.22100284 3.49139403078676e-05 336 4590
1.22600695 3.50170002548686e-05 337 4585
1.23101106 3.51200602018696e-05 338 4580
1.23601517 3.52864118388226e-05 340 4569
1.24101928 3.54527634757756e-05 342 4618
1.24602339 3.56588833697777e-05 344 4601
1.2510275 3.57619433167787e-05 345 4595
1.25603161 3.60217445606748e-05 347 4585
1.26103572 3.63352271544652e-05 349 4627
1.26603983 3.64618105343692e-05 351 4616
1.27104394 3.66281621713222e-05 353 4600
1.27604805 3.68481951581694e-05 355 4589
1.28105216 3.68481951581694e-05 355 4617
1.28605627 3.70049364550645e-05 356 4609
1.29106038 3.73280293889127e-05 359 4600
1.29606449 3.73280293889127e-05 359 4589
1.3010686 3.73280293889127e-05 359 4639
1.30607271 3.74847706858079e-05 360 4630
1.31107682 3.74847706858079e-05 360 4624
1.31608093 3.75878306328089e-05 361 4621
1.32108504 3.76908905798099e-05 362 4666
1.32608915 3.76908905798099e-05 362 4661
1.33109326 3.76908905798099e-05 362 4657
1.33609737 3.76908905798099e-05 362 4648
1.34110148 3.76908905798099e-05 362 4689
1.34610559 3.77939505268109e-05 363 4679
1.3511097 3.78970104738119e-05 364 4670
1.35611381 3.82104930676023e-05 366 4660
1.36111792 3.82737847575543e-05 367 4709
1.36612203 3.84401363945073e-05 369 4706
1.37112614 3.85431963415083e-05 370 4699
1.37613025 3.86462562885093e-05 371 4694
1.38113436 3.89597388822996e-05 373 4736
1.38613847 3.91164801791948e-05 374 4728
1.39114258 3.92195401261958e-05 375 4714
1.39614669 3.92195401261958e-05 375 4706
1.4011508 3.92195401261958e-05 375 4740
1.40615491 3.92828318161478e-05 376 4734
1.41115902 3.92828318161478e-05 376 4728
1.41616313 3.92828318161478e-05 376 4715
1.42116724 3.92828318161478e-05 376 4762
1.42617135 3.94491834531008e-05 378 4755
1.43117546 3.94491834531008e-05 378 4750
1.43617957 3.94491834531008e-05 378 4743
1.44118368 3.94491834531008e-05 378 4790
1.44618779 3.95124751430528e-05 379 4780
1.4511919 3.96155350900539e-05 380 4772
1.45619601 3.96788267800059e-05 381 4767
1.46120012 3.98687018498619e-05 384 4795
1.46620423 3.99717617968629e-05 385 4788
1.47120834 4.0128503093758e-05 386 4777
1.47621245 4.019179478371e-05 387 4766
1.48121656 4.06179476645592e-05 391 4799
1.48622067 4.07746889614544e-05 392 4794
1.49122478 4.11912315022458e-05 395 4776
1.49622889 4.12545231921978e-05 396 4771
1.501233 4.13811065721018e-05 398 4812
1.50623711 4.18072594529509e-05 402 4796
1.51124122 4.18072594529509e-05 402 4787
1.51624533 4.21303523867991e-05 405 4777
1.52124944 4.21303523867991e-05 405 4809
1.52625355 4.24932135776963e-05 408 4802
1.53125766 4.26993334716983e-05 410 4790
1.53626177 4.29193664585455e-05 412 4782
1.54126588 4.29193664585455e-05 412 4829
1.54626999 4.33455193393947e-05 416 4822
1.5512741 4.36053205832909e-05 418 4811
1.55627821 4.38886452600901e-05 421 4802
1.56128232 4.39917052070911e-05 422 4839
1.56628643 4.39917052070911e-05 422 4831
1.57129054 4.43684794908334e-05 425 4821
1.57629465 4.47011827647394e-05 429 4815
1.58129876 4.50640439556366e-05 432 4861
1.58630287 4.50640439556366e-05 432 4856
1.59130698 4.51273356455886e-05 433 4849
1.59631109 4.52303955925896e-05 434 4841
1.6013152 4.53871368894848e-05 435 4881
1.60631931 4.54504285794368e-05 436 4873
1.61132342 4.54504285794368e-05 436 4858
1.61632753 4.54504285794368e-05 436 4850
1.62133164 4.55137202693888e-05 437 4885
1.62633575 4.56167802163898e-05 438 4875
1.63133986 4.5836813203237e-05 440 4862
1.63634397 4.5939873150238e-05 441 4856
1.64134808 4.63564156910294e-05 444 4881
1.64635219 4.64197073809814e-05 445 4876
1.6513563 4.67030320577805e-05 448 4868
1.65636041 4.69628333016767e-05 450 4859
1.66136452 4.70894166815807e-05 452 4880
1.66636863 4.73190600084857e-05 455 4873
1.67137274 4.73190600084857e-05 455 4862
1.67637685 4.74221199554867e-05 456 4852
1.68138096 4.77849811463839e-05 459 4878
1.68638507 4.7991101040386e-05 461 4866
1.69138918 4.8157452677339e-05 463 4859
1.69639329 4.84805456111871e-05 466 4845
1.7013974 4.85836055581882e-05 467 4883
1.70640151 4.90730501289894e-05 472 4871
1.71140562 4.92297914258845e-05 473 4863
1.71640973 4.92930831158365e-05 474 4857
1.72141384 4.94594347527895e-05 476 4892
1.72641795 4.98362090365319e-05 479 4884
1.73142206 4.99392689835329e-05 480 4879
1.73642617 4.99392689835329e-05 480 4872
1.74143028 5.02527515773232e-05 482 4900
1.74643439 5.04191032142762e-05 484 4891
1.7514385 5.05221631612772e-05 485 4885
1.75644261 5.08452560951254e-05 488 4874
1.76144672 5.11050573390216e-05 490 4907
1.76645083 5.12081172860226e-05 491 4900
1.77145494 5.12714089759746e-05 492 4891
1.77645905 5.14377606129276e-05 494 4873
1.78146316 5.15010523028796e-05 495 4891
1.78646727 5.16041122498807e-05 496 4885
1.79147138 5.17071721968817e-05 497 4878
1.79647549 5.18639134937768e-05 498 4874
1.8014796 5.19272051837288e-05 499 4881
1.80648371 5.19904968736808e-05 500 4876
1.81148782 5.19904968736808e-05 500 4870
1.81649193 5.21568485106338e-05 502 4862
1.82149604 5.241664975453e-05 504 4857
1.82650015 5.27301323483204e-05 506 4850
1.83150426 5.27301323483204e-05 506 4841
1.83650837 5.28331922953214e-05 507 4833
1.84151248 5.30929935392176e-05 509 4838
1.84651659 5.32497348361127e-05 510 4829
1.8515207 5.33527947831137e-05 511 4821
1.85652481 5.35095360800089e-05 512 4817
1.86152892 5.35095360800089e-05 512 4824
1.86653303 5.35728277699609e-05 513 4821
1.87153714 5.36758877169619e-05 514 4815
1.87654125 5.36758877169619e-05 514 4814
1.88154536 5.36758877169619e-05 514 4814
1.88654947 5.36758877169619e-05 514 4814
1.89155358 5.37391794069139e-05 515 4812
1.89655769 5.38422393539149e-05 516 4807
1.9015618 5.38422393539149e-05 516 4811
1.90656591 5.39452993009159e-05 517 4808
1.91157002 5.39452993009159e-05 517 4805
1.91657413 5.39452993009159e-05 517 4802
1.92157824 5.39452993009159e-05 517 4808
1.92658235 5.39452993009159e-05 517 4807
1.93158646 5.39452993009159e-05 517 4805
1.93659057 5.39452993009159e-05 517 4804
1.94159468 5.4048359247917e-05 518 4806
1.94659879 5.4048359247917e-05 518 4804
1.9516029 5.4048359247917e-05 518 4803
1.95660701 5.4048359247917e-05 518 4802
1.96161112 5.4048359247917e-05 518 4809
1.96661523 5.4048359247917e-05 518 4807
1.97161934 5.4048359247917e-05 518 4806
1.97662345 5.4048359247917e-05 518 4803
1.98162756 5.4048359247917e-05 518 4805
1.98663167 5.4048359247917e-05 518 4805
1.99163578 5.4048359247917e-05 518 4801
1.99663989 5.4048359247917e-05 518 4801
2.001644 5.4048359247917e-05 518 4803
2.00664811 5.4048359247917e-05 518 4800
2.01165222 5.4048359247917e-05 518 4798
2.01665633 5.4048359247917e-05 518 4797
2.02166044 5.4048359247917e-05 518 4800
2.02666455 5.4048359247917e-05 518 4800
2.03166866 5.4048359247917e-05 518 4800
2.03667277 5.4048359247917e-05 518 4798
2.04167688 5.42051005448121e-05 519 4801
2.04668099 5.42051005448121e-05 519 4799
2.0516851 5.42051005448121e-05 519 4799
2.05668921 5.42051005448121e-05 519 4798
2.06169332 5.42051005448121e-05 519 4800
2.06669743 5.42051005448121e-05 519 4797
2.07170154 5.42051005448121e-05 519 4794
2.07670565 5.42051005448121e-05 519 4793
2.08170976 5.42051005448121e-05 519 4796
2.08671387 5.42051005448121e-05 519 4792
2.09171798 5.42051005448121e-05 519 4791
2.09672209 5.42051005448121e-05 519 4789
2.1017262 5.42051005448121e-05 519 4790
2.10673031 5.42051005448121e-05 519 4786
2.11173442 5.42051005448121e-05 519 4785
2.11673853 5.42051005448121e-05 519 4784
2.12174264 5.42051005448121e-05 519 4786
2.12674675 5.42051005448121e-05 519 4784
2.13175086 5.42051005448121e-05 519 4783
2.13675497 5.42051005448121e-05 519 4782
2.14175908 5.42051005448121e-05 519 4784
2.14676319 5.42051005448121e-05 519 4781
2.1517673 5.42051005448121e-05 519 4781
2.15677141 5.42051005448121e-05 519 4781
2.16177552 5.42051005448121e-05 519 4784
2.16677963 5.42051005448121e-05 519 4783
2.17178374 5.42051005448121e-05 519 4783
2.17678785 5.42051005448121e-05 519 4781
2.18179196 5.42051005448121e-05 519 4786
2.18679607 5.42051005448121e-05 519 4785
2.19180018 5.42051005448121e-05 519 4785
2.19680429 5.42051005448121e-05 519 4784
2.2018084 5.42051005448121e-05 519 4788
2.20681251 5.42051005448121e-05 519 4788
2.21181662 5.42051005448121e-05 519 4788
2.21682073 5.42051005448121e-05 519 4788
2.22182484 5.42051005448121e-05 519 4789
2.22682895 5.42051005448121e-05 519 4786
2.23183306 5.42051005448121e-05 519 4786
2.23683717 5.42051005448121e-05 519 4786
2.24184128 5.42051005448121e-05 519 4787
2.24684539 5.42051005448121e-05 519 4786
2.2518495 5.42051005448121e-05 519 4786
