# Fix print output for fix logmf
0.004998996 0 0 28924
0.009997992 0 0 28924
0.014996988 0 0 28924
0.019995984 0 0 28924
0.02499498 0 0 28991
0.029993976 0 0 28991
0.034992972 0 0 28991
0.039991968 0 0 28991
0.044990964 0 0 29057
0.04998996 0 0 29057
0.054988956 0 0 29055
0.059987952 0 0 29042
0.064986948 0 0 29096
0.069985944 0 0 29079
0.07498494 0 0 29069
0.079983936 0 0 29063
0.084982932 0 0 29128
0.089981928 0 0 29124
0.094980924 0 0 29119
0.09997992 0 0 29116
0.104978916 0 0 29178
0.109977912 0 0 29178
0.114976908 0 0 29176
0.119975904 0 0 29175
0.1249749 0 0 29241
0.129973896 0 0 29240
0.134972892 0 0 29238
0.139971888 5.34416785320344e-08 1 29236
0.144970884 8.1031638521583e-07 8 29297
0.14996988 2.3366620663913e-06 25 29279
0.154968876 3.69820113827736e-06 37 29265
0.159967872 5.00881125862933e-06 51 29247
0.164966868 5.86696735526056e-06 62 29303
0.169965864 6.40447338069959e-06 67 29295
0.17496486 6.59837758617731e-06 70 29292
0.179963856 6.99178796424938e-06 74 29287
0.184962852 7.40506085097187e-06 79 29348
0.189961848 7.98426074040709e-06 85 29342
0.194960844 9.0475249767493e-06 95 29332
0.19995984 9.76718739313021e-06 103 29321
0.204958836 1.0301060298148e-05 109 29382
0.209957832 1.081310184782e-05 115 29376
0.214956828 1.14004164313697e-05 122 29368
0.219955824 1.15408789583154e-05 124 29365
0.22495482 1.25588162102402e-05 134 29421
0.229953816 1.29385099270811e-05 139 29416
0.234952812 1.36780348521124e-05 148 29408
0.239951808 1.40913077388349e-05 153 29402
0.244950804 1.50874136354139e-05 163 29458
0.2499498 1.57653821877986e-05 170 29452
0.254948796 1.63028882132376e-05 175 29447
0.259947792 1.72282026496321e-05 186 29435
0.264946788 1.78725920321351e-05 193 29495
0.269945784 1.84716544302208e-05 200 29486
0.27494478 1.98357062291048e-05 215 29471
0.279943776 2.05136747814895e-05 222 29463
0.284942772 2.09070851595616e-05 226 29524
0.289941768 2.13203580462841e-05 231 29517
0.294940764 2.19865787841329e-05 238 29507
0.29993976 2.27770326606983e-05 245 29497
0.304938756 2.31486116834246e-05 249 29556
0.309937752 2.35954637400287e-05 254 29548
0.314936748 2.44393592951262e-05 262 29537
0.319935744 2.52622719481499e-05 273 29517
0.32493474 2.593212580642e-05 279 29571
0.329933736 2.69998716164556e-05 291 29551
0.334932732 2.83521756008037e-05 306 29531
0.339931728 3.02654812396626e-05 326 29505
0.344930724 3.19068249720167e-05 346 29541
0.34992972 3.34740160639163e-05 361 29518
0.354928716 3.52269966671791e-05 378 29485
0.359927712 3.69645963354847e-05 396 29454
0.364926708 3.82634586413009e-05 410 29489
0.369925704 3.97145312885985e-05 426 29460
0.3749247 4.10550874584108e-05 441 29433
0.379923696 4.24689478154056e-05 458 29399
0.384922692 4.39770952616565e-05 474 29437
0.389921688 4.59223157966711e-05 494 29399
0.394920684 4.71123258987278e-05 507 29370
0.39991968 4.77902944511125e-05 514 29348
0.404918676 4.99011374158704e-05 536 29378
0.409917672 5.1603189067599e-05 555 29339
0.414916668 5.3570784838262e-05 579 29301
0.419915664 5.55501284234608e-05 603 29261
0.42491466 5.72124550578886e-05 620 29302
0.429913656 5.89164755563127e-05 638 29273
0.434912652 6.05298420859018e-05 656 29244
0.439911648 6.20542189203819e-05 674 29210
0.444910644 6.34899106327225e-05 691 29247
0.44990964 6.5134887485498e-05 710 29218
0.454908636 6.65660976241453e-05 725 29187
0.459907632 6.75112745691902e-05 737 29165
0.464906628 6.91246410987794e-05 755 29207
0.469905624 7.07324056612519e-05 775 29180
0.47490462 7.22450346811963e-05 793 29158
0.479903616 7.30598326401054e-05 803 29140
0.484902612 7.39082097688962e-05 813 29186
0.489901608 7.50095347488134e-05 825 29169
0.494900604 7.56676407925477e-05 831 29154
0.4998996 7.65532302116414e-05 840 29141
0.504898596 7.79589758745216e-05 856 29183
0.509897592 7.91590695173883e-05 869 29169
0.514896588 7.9837038069773e-05 876 29156
0.519895584 8.10488795271756e-05 889 29139
0.52489458 8.26994583470676e-05 906 29180
0.529893576 8.4263016318546e-05 922 29159
0.534892572 8.53369079760008e-05 936 29141
0.539891568 8.69166953357084e-05 954 29119
0.544890564 8.77966827876854e-05 965 29165
0.54988956 8.91016909409208e-05 981 29147
0.554888556 8.9655426354589e-05 988 29139
0.559887552 9.10331948147043e-05 1002 29119
0.564886548 9.17192780612036e-05 1010 29173
0.569885544 9.24470551716991e-05 1019 29156
0.57488454 9.3597340256455e-05 1030 29139
0.579883536 9.44574651997816e-05 1040 29125
0.584882532 9.51043673092827e-05 1050 29180
0.589881528 9.5764986080015e-05 1059 29168
0.594880524 9.65741820718076e-05 1071 29153
0.59987952 9.77860235292101e-05 1084 29139
0.604878516 9.90731380204904e-05 1098 29186
0.609877512 0.000100777158518914 1116 29168
0.614876508 0.000102267956183513 1134 29144
0.619875504 0.000103201385314022 1146 29128
0.6248745 0.000105489087275575 1172 29167
0.629873496 0.000106957509704525 1186 29150
0.634872492 0.000108651446662139 1204 29132
0.639871488 0.000110275712552992 1219 29111
0.644870484 0.000111254468667919 1231 29163
0.64986948 0.000113115181081518 1253 29140
0.654868476 0.000114422158081448 1268 29123
0.659867472 0.000115776126339523 1283 29105
0.664866468 0.000117496376226176 1303 29147
0.669865464 0.000118674638513697 1316 29133
0.67486446 0.000120187267533641 1334 29113
0.679863456 0.000122164098391842 1355 29091
0.684862452 0.000123858035349456 1373 29138
0.689861448 0.000124787831359544 1386 29123
0.694860444 0.000126266881209606 1404 29103
0.69985944 0.000127883880859617 1421 29084
0.704858436 0.000129405744967099 1436 29133
0.709857432 0.000131027226190802 1455 29113
0.714856428 0.000133012171743117 1477 29091
0.719855424 0.000134504938254411 1494 29072
