# Fix print output for fix logmf
0.00500411 0 0 3681
0.01000822 0 0 3681
0.01501233 0 0 3679
0.02001644 0 0 3734
0.02502055 0 0 3734
0.03002466 0 0 3731
0.03502877 0 0 3730
0.04003288 0 0 3785
0.04503699 0 0 3779
0.0500411 0 0 3771
0.05504521 0 0 3763
0.06004932 0 0 3813
0.06505343 0 0 3810
0.07005754 0 0 3808
0.07506165 0 0 3805
0.08006576 0 0 3838
0.08506987 0 0 3835
0.09007398 0 0 3825
0.09507809 0 0 3818
0.1000822 0 0 3850
0.10508631 0 0 3843
0.11009042 0 0 3836
0.11509453 0 0 3833
0.12009864 0 0 3863
0.12510275 0 0 3862
0.13010686 0 0 3859
0.13511097 0 0 3856
0.14011508 0 0 3896
0.14511919 0 0 3889
0.1501233 0 0 3881
0.15512741 0 0 3873
0.16013152 0 0 3914
0.16513563 1.03059947001013e-07 1 3911
0.17013974 1.03059947001013e-07 1 3904
0.17514385 4.16542540791345e-07 3 3898
0.18014796 4.79834230743342e-07 4 3944
0.18515207 4.79834230743342e-07 4 3937
0.19015618 4.79834230743342e-07 4 3933
0.19516029 4.79834230743342e-07 4 3929
0.2001644 4.79834230743342e-07 4 3977
0.20516851 4.79834230743342e-07 4 3971
0.21017262 4.79834230743342e-07 4 3969
0.21517673 4.79834230743342e-07 4 3962
0.22018084 4.79834230743342e-07 4 4010
0.22518495 4.79834230743342e-07 4 4003
0.23018906 4.79834230743342e-07 4 3995
0.23519317 4.79834230743342e-07 4 3985
0.24019728 6.36575527638508e-07 5 4034
0.24520139 6.36575527638508e-07 5 4030
0.2502055 6.36575527638508e-07 5 4025
0.25520961 6.36575527638508e-07 5 4017
0.26021372 6.36575527638508e-07 5 4072
0.26521783 6.36575527638508e-07 5 4066
0.27022194 6.36575527638508e-07 5 4060
0.27522605 6.36575527638508e-07 5 4057
0.28023016 6.36575527638508e-07 5 4107
0.28523427 6.36575527638508e-07 5 4102
0.29023838 6.36575527638508e-07 5 4098
0.29524249 6.36575527638508e-07 5 4092
0.3002466 7.93316824533674e-07 6 4144
0.30525071 1.11640975838185e-06 9 4134
0.31025482 1.28276139533486e-06 11 4127
0.31525893 1.6993039361262e-06 14 4117
0.32026304 2.28219811387056e-06 19 4160
0.32526715 2.28219811387056e-06 19 4155
0.33027126 2.40878149377455e-06 21 4149
0.33527537 2.57513313072757e-06 23 4143
0.34027948 2.73187442762273e-06 24 4188
0.34528359 2.99167567151891e-06 26 4181
0.3502877 3.22131899842392e-06 29 4172
0.35529181 3.22131899842392e-06 29 4161
0.36029592 3.32437894542493e-06 30 4205
0.36530003 3.4811202423201e-06 31 4189
0.37030414 3.58418018932111e-06 32 4185
0.37530825 3.58418018932111e-06 32 4181
0.38031236 3.80421317616827e-06 34 4231
0.38531647 3.96095447306344e-06 35 4220
0.39032058 4.02424616301544e-06 36 4209
0.39532469 4.02424616301544e-06 36 4205
0.4003288 4.08753785296743e-06 37 4250
0.40533291 4.08753785296743e-06 37 4245
0.41033702 4.2442791498626e-06 38 4240
0.41534113 4.40102044675777e-06 39 4235
0.42034524 4.7145030405481e-06 41 4280
0.42534935 4.84108642045209e-06 43 4272
0.43035346 5.0074380574051e-06 45 4263
0.43535757 5.11049800440612e-06 46 4251
0.44036168 5.26723930130128e-06 47 4288
0.44536579 5.33053099125328e-06 48 4280
0.4503699 5.43359093825429e-06 49 4272
0.45537401 5.43359093825429e-06 49 4264
0.46037812 5.69339218215047e-06 51 4311
0.46538223 5.69339218215047e-06 51 4308
0.47038634 5.69339218215047e-06 51 4298
0.47539045 5.69339218215047e-06 51 4291
0.48039456 5.69339218215047e-06 51 4341
0.48539867 5.69339218215047e-06 51 4336
0.49040278 6.10563197015453e-06 55 4323
0.49540689 6.10563197015453e-06 55 4316
0.500411 6.41911456394486e-06 57 4360
0.50541511 6.41911456394486e-06 57 4353
0.51041922 6.8356571047362e-06 60 4340
0.51542333 7.04177699873823e-06 62 4329
0.52042744 7.1985182956334e-06 63 4380
0.52543155 7.35525959252856e-06 64 4372
0.53043566 7.41855128248056e-06 65 4356
0.53543977 7.48184297243256e-06 66 4347
0.54044388 7.48184297243256e-06 66 4396
0.54544799 7.54513466238455e-06 67 4393
0.5504521 7.54513466238455e-06 67 4381
0.55545621 7.54513466238455e-06 67 4378
0.56046032 7.54513466238455e-06 67 4430
0.56546443 7.60842635233655e-06 68 4418
0.57046854 7.71148629933756e-06 69 4408
0.57547265 7.71148629933756e-06 69 4402
0.58047676 7.98089788329159e-06 72 4446
0.58548087 8.04418957324358e-06 73 4427
0.59048498 8.20093087013875e-06 74 4418
0.59548909 8.20093087013875e-06 74 4409
0.6004932 8.42096385698591e-06 76 4455
0.60549731 8.73444645077624e-06 78 4445
0.61050142 8.79773814072824e-06 79 4435
0.61550553 9.06714972468226e-06 82 4420
0.62050964 9.27326961868428e-06 84 4464
0.62551375 9.74349350936978e-06 87 4457
0.63051786 9.84655345637079e-06 88 4451
0.63552197 9.90984514632279e-06 89 4440
0.64052608 9.97313683627479e-06 90 4489
0.64553019 9.97313683627479e-06 90 4479
0.6505343 1.012987813317e-05 91 4471
0.65553841 1.03499111200171e-05 93 4460
0.66054252 1.03499111200171e-05 93 4510
0.66554663 1.04132028099691e-05 94 4499
0.67055074 1.04132028099691e-05 94 4487
0.67555485 1.05699441068643e-05 95 4471
0.68055896 1.05699441068643e-05 95 4515
0.68556307 1.06730040538653e-05 96 4505
0.69056718 1.06730040538653e-05 96 4497
0.69557129 1.08930370407125e-05 98 4483
0.7005754 1.09563287306644e-05 99 4533
0.70557951 1.09563287306644e-05 99 4528
0.71058362 1.11624486246665e-05 101 4517
0.71558773 1.12257403146185e-05 102 4512
0.72059184 1.14951518985725e-05 105 4561
0.72559595 1.14951518985725e-05 105 4552
0.73060006 1.14951518985725e-05 105 4548
0.73560417 1.14951518985725e-05 105 4542
0.74060828 1.14951518985725e-05 105 4593
0.74561239 1.18580130894697e-05 108 4585
0.7506165 1.20641329834717e-05 110 4571
0.75562061 1.22702528774737e-05 112 4562
0.76062472 1.24763727714758e-05 114 4610
0.76562883 1.27060160983808e-05 117 4599
0.77063294 1.27060160983808e-05 117 4592
0.77563705 1.28090760453818e-05 118 4584
0.78064116 1.28090760453818e-05 118 4631
0.78564527 1.3068877289278e-05 120 4627
0.79064938 1.3298520616183e-05 123 4619
0.79565349 1.3298520616183e-05 123 4613
0.8006576 1.35583218600791e-05 125 4654
0.80566171 1.35583218600791e-05 125 4646
0.81066582 1.35583218600791e-05 125 4640
0.81566993 1.35583218600791e-05 125 4632
0.82067404 1.35583218600791e-05 125 4679
0.82567815 1.35583218600791e-05 125 4672
0.83068226 1.35583218600791e-05 125 4662
0.83568637 1.36216135500311e-05 126 4657
0.84069048 1.36216135500311e-05 126 4703
0.84569459 1.36216135500311e-05 126 4698
0.8506987 1.36216135500311e-05 126 4688
0.85570281 1.36216135500311e-05 126 4685
0.86070692 1.37246734970321e-05 127 4738
0.86571103 1.37246734970321e-05 127 4732
0.87071514 1.37246734970321e-05 127 4722
0.87571925 1.37246734970321e-05 127 4715
0.88072336 1.38277334440332e-05 128 4766
0.88572747 1.38277334440332e-05 128 4755
0.89073158 1.38277334440332e-05 128 4751
0.89573569 1.38277334440332e-05 128 4741
0.9007398 1.39844747409283e-05 129 4787
0.90574391 1.39844747409283e-05 129 4775
0.91074802 1.39844747409283e-05 129 4763
0.91575213 1.39844747409283e-05 129 4752
0.92075624 1.40875346879293e-05 130 4799
0.92576035 1.40875346879293e-05 130 4786
0.93076446 1.40875346879293e-05 130 4779
0.93576857 1.41905946349304e-05 131 4771
0.94077268 1.42936545819314e-05 132 4818
0.94577679 1.42936545819314e-05 132 4807
0.9507809 1.42936545819314e-05 132 4797
0.95578501 1.42936545819314e-05 132 4791
0.96078912 1.44503958788265e-05 133 4840
0.96579323 1.47101971227227e-05 135 4827
0.97079734 1.47101971227227e-05 135 4817
0.97580145 1.47101971227227e-05 135 4809
0.98080556 1.47101971227227e-05 135 4859
0.98580967 1.47734888126747e-05 136 4846
0.99081378 1.49000721925787e-05 138 4832
0.99581789 1.49000721925787e-05 138 4816
1.000822 1.49000721925787e-05 138 4863
1.00582611 1.49000721925787e-05 138 4857
1.01083022 1.49000721925787e-05 138 4845
1.01583433 1.49633638825307e-05 139 4836
1.02083844 1.49633638825307e-05 139 4883
1.02584255 1.51201051794259e-05 140 4877
1.03084666 1.52466885593299e-05 142 4870
1.03585077 1.52466885593299e-05 142 4860
1.04085488 1.53099802492819e-05 143 4906
1.04585899 1.53099802492819e-05 143 4900
1.0508631 1.53099802492819e-05 143 4889
1.05586721 1.53732719392339e-05 144 4881
1.06087132 1.53732719392339e-05 144 4924
1.06587543 1.53732719392339e-05 144 4916
1.07087954 1.563307318313e-05 146 4905
1.07588365 1.5736133130131e-05 147 4896
1.08088776 1.5736133130131e-05 147 4942
1.08589187 1.5736133130131e-05 147 4936
1.09089598 1.58928744270262e-05 148 4928
1.09590009 1.58928744270262e-05 148 4920
1.1009042 1.58928744270262e-05 148 4963
1.10590831 1.59959343740272e-05 149 4948
1.11091242 1.59959343740272e-05 149 4938
1.11591653 1.59959343740272e-05 149 4918
1.12092064 1.59959343740272e-05 149 4963
1.12592475 1.59959343740272e-05 149 4949
1.13092886 1.59959343740272e-05 149 4940
1.13593297 1.59959343740272e-05 149 4933
1.14093708 1.60989943210282e-05 150 4979
1.14594119 1.60989943210282e-05 150 4970
1.1509453 1.60989943210282e-05 150 4967
1.15594941 1.60989943210282e-05 150 4955
1.16095352 1.60989943210282e-05 150 5005
1.16595763 1.60989943210282e-05 150 5001
1.17096174 1.62557356179234e-05 151 4991
1.17596585 1.63190273078754e-05 152 4978
1.18096996 1.63190273078754e-05 152 5024
1.18597407 1.63190273078754e-05 152 5016
1.19097818 1.63190273078754e-05 152 5007
1.19598229 1.65486706347804e-05 155 4996
1.2009864 1.65486706347804e-05 155 5049
1.20599051 1.65486706347804e-05 155 5041
1.21099462 1.65486706347804e-05 155 5031
1.21599873 1.66752540146844e-05 157 5023
1.22100284 1.66752540146844e-05 157 5069
1.22600695 1.67385457046364e-05 158 5062
1.23101106 1.67385457046364e-05 158 5057
1.23601517 1.67385457046364e-05 158 5048
1.24101928 1.67385457046364e-05 158 5092
1.24602339 1.67385457046364e-05 158 5087
1.2510275 1.67385457046364e-05 158 5081
1.25603161 1.67385457046364e-05 158 5071
1.26103572 1.68952870015316e-05 159 5117
1.26603983 1.68952870015316e-05 159 5106
1.27104394 1.68952870015316e-05 159 5102
1.27604805 1.68952870015316e-05 159 5096
1.28105216 1.68952870015316e-05 159 5141
1.28605627 1.68952870015316e-05 159 5138
1.29106038 1.68952870015316e-05 159 5133
1.29606449 1.68952870015316e-05 159 5124
1.3010686 1.68952870015316e-05 159 5173
1.30607271 1.68952870015316e-05 159 5162
1.31107682 1.68952870015316e-05 159 5148
1.31608093 1.68952870015316e-05 159 5139
1.32108504 1.68952870015316e-05 159 5181
1.32608915 1.68952870015316e-05 159 5176
1.33109326 1.69585786914836e-05 160 5167
1.33609737 1.69585786914836e-05 160 5158
1.34110148 1.70218703814355e-05 161 5203
1.34610559 1.70218703814355e-05 161 5195
1.3511097 1.70218703814355e-05 161 5183
1.35611381 1.71786116783307e-05 162 5172
1.36111792 1.71786116783307e-05 162 5222
1.36612203 1.73353529752259e-05 163 5210
1.37112614 1.75414728692279e-05 165 5201
1.37613025 1.76047645591799e-05 166 5192
1.38113436 1.77078245061809e-05 167 5238
1.38613847 1.77711161961329e-05 168 5223
1.39114258 1.78741761431339e-05 169 5210
1.39614669 1.82509504268763e-05 172 5201
1.4011508 1.82509504268763e-05 172 5246
1.40615491 1.84173020638293e-05 174 5241
1.41115902 1.85836537007823e-05 176 5230
1.41616313 1.88036866876294e-05 178 5220
1.42116724 1.90870113644286e-05 181 5258
1.42617135 1.94498725553258e-05 184 5250
1.43117546 1.94498725553258e-05 184 5243
1.43617957 1.95131642452778e-05 185 5237
1.44118368 1.95131642452778e-05 185 5278
1.44618779 1.95131642452778e-05 185 5275
1.4511919 1.95764559352298e-05 186 5268
1.45619601 1.95764559352298e-05 186 5257
1.46120012 1.95764559352298e-05 186 5305
1.46620423 1.9939317126127e-05 189 5289
1.47120834 1.9939317126127e-05 189 5287
1.47621245 2.0042377073128e-05 190 5280
1.48121656 2.010566876308e-05 191 5328
1.48622067 2.0272020400033e-05 193 5320
1.49122478 2.0375080347034e-05 194 5312
1.49622889 2.06885629408243e-05 196 5306
1.501233 2.07518546307763e-05 197 5353
1.50623711 2.08151463207283e-05 198 5344
1.51124122 2.09182062677293e-05 199 5334
1.51624533 2.10845579046823e-05 201 5327
1.52124944 2.11876178516834e-05 202 5377
1.52625355 2.11876178516834e-05 202 5365
1.53125766 2.11876178516834e-05 202 5356
1.53626177 2.12509095416354e-05 203 5348
1.54126588 2.14709425284825e-05 205 5388
1.54626999 2.14709425284825e-05 205 5378
1.5512741 2.15342342184345e-05 206 5373
1.55627821 2.16909755153297e-05 207 5365
1.56128232 2.16909755153297e-05 207 5411
1.56628643 2.16909755153297e-05 207 5401
1.57129054 2.16909755153297e-05 207 5391
1.57629465 2.17940354623307e-05 208 5385
1.58129876 2.17940354623307e-05 208 5426
1.58630287 2.17940354623307e-05 208 5419
1.59130698 2.17940354623307e-05 208 5410
1.59631109 2.18970954093317e-05 209 5402
1.6013152 2.20001553563327e-05 210 5454
1.60631931 2.24166978971241e-05 213 5445
1.61132342 2.27096329139811e-05 217 5436
1.61632753 2.28362162938851e-05 219 5425
1.62133164 2.30960175377812e-05 221 5472
1.62633575 2.33021374317833e-05 223 5466
1.63133986 2.34684890687363e-05 225 5456
1.63634397 2.34684890687363e-05 225 5446
1.64134808 2.36252303656314e-05 226 5493
1.64635219 2.36252303656314e-05 226 5488
1.6513563 2.37282903126324e-05 227 5482
1.65636041 2.39483232994796e-05 229 5471
1.66136452 2.39483232994796e-05 229 5519
1.66636863 2.40116149894316e-05 230 5515
1.67137274 2.40116149894316e-05 230 5507
1.67637685 2.40749066793836e-05 231 5501
1.68138096 2.41779666263846e-05 232 5548
1.68638507 2.42810265733856e-05 233 5535
1.69138918 2.4594509167176e-05 235 5528
1.69639329 2.4594509167176e-05 235 5521
1.7013974 2.4594509167176e-05 235 5574
1.70640151 2.48543104110721e-05 237 5562
1.71140562 2.50110517079673e-05 238 5554
1.71640973 2.51677930048625e-05 239 5547
1.72141384 2.55445672886048e-05 242 5593
1.72641795 2.58139788725588e-05 245 5580
1.73142206 2.60833904565128e-05 248 5572
1.73642617 2.60833904565128e-05 248 5564
1.74143028 2.64160937304189e-05 252 5609
1.74643439 2.64160937304189e-05 252 5599
1.7514385 2.64160937304189e-05 252 5587
1.75644261 2.64793854203709e-05 253 5576
1.76144672 2.66457370573239e-05 255 5617
1.76645083 2.6802478354219e-05 256 5601
1.77145494 2.6865770044171e-05 257 5589
1.77645905 2.71255712880672e-05 259 5574
1.78146316 2.71888629780192e-05 260 5618
1.78646727 2.71888629780192e-05 260 5612
1.79147138 2.71888629780192e-05 260 5597
1.79647549 2.71888629780192e-05 260 5591
1.8014796 2.71888629780192e-05 260 5638
1.80648371 2.72521546679712e-05 261 5629
1.81148782 2.72521546679712e-05 261 5617
1.81649193 2.72521546679712e-05 261 5612
1.82149604 2.72521546679712e-05 261 5645
1.82650015 2.72521546679712e-05 261 5637
1.83150426 2.73552146149722e-05 262 5624
1.83650837 2.73552146149722e-05 262 5616
1.84151248 2.73552146149722e-05 262 5636
1.84651659 2.74582745619732e-05 263 5625
1.8515207 2.74582745619732e-05 263 5620
1.85652481 2.74582745619732e-05 263 5615
1.86152892 2.74582745619732e-05 263 5643
1.86653303 2.74582745619732e-05 263 5639
1.87153714 2.74582745619732e-05 263 5629
1.87654125 2.74582745619732e-05 263 5625
1.88154536 2.74582745619732e-05 263 5636
1.88654947 2.74582745619732e-05 263 5631
1.89155358 2.74582745619732e-05 263 5623
1.89655769 2.74582745619732e-05 263 5620
1.9015618 2.74582745619732e-05 263 5640
1.90656591 2.74582745619732e-05 263 5635
1.91157002 2.74582745619732e-05 263 5626
1.91657413 2.74582745619732e-05 263 5620
1.92157824 2.74582745619732e-05 263 5633
1.92658235 2.74582745619732e-05 263 5623
1.93158646 2.74582745619732e-05 263 5613
1.93659057 2.74582745619732e-05 263 5610
1.94159468 2.74582745619732e-05 263 5616
1.94659879 2.74582745619732e-05 263 5615
1.9516029 2.74582745619732e-05 263 5611
1.95660701 2.74582745619732e-05 263 5607
1.96161112 2.74582745619732e-05 263 5616
1.96661523 2.74582745619732e-05 263 5612
1.97161934 2.74582745619732e-05 263 5611
1.97662345 2.74582745619732e-05 263 5609
1.98162756 2.74582745619732e-05 263 5621
1.98663167 2.74582745619732e-05 263 5620
1.99163578 2.74582745619732e-05 263 5619
1.99663989 2.74582745619732e-05 263 5615
2.001644 2.74582745619732e-05 263 5627
2.00664811 2.74582745619732e-05 263 5624
2.01165222 2.74582745619732e-05 263 5621
2.01665633 2.74582745619732e-05 263 5617
2.02166044 2.74582745619732e-05 263 5627
2.02666455 2.74582745619732e-05 263 5621
2.03166866 2.74582745619732e-05 263 5614
2.03667277 2.74582745619732e-05 263 5609
2.04167688 2.74582745619732e-05 263 5627
2.04668099 2.74582745619732e-05 263 5615
2.0516851 2.74582745619732e-05 263 5610
2.05668921 2.74582745619732e-05 263 5609
2.06169332 2.74582745619732e-05 263 5621
2.06669743 2.74582745619732e-05 263 5620
2.07170154 2.74582745619732e-05 263 5618
2.07670565 2.74582745619732e-05 263 5611
2.08170976 2.74582745619732e-05 263 5631
2.08671387 2.74582745619732e-05 263 5622
2.09171798 2.74582745619732e-05 263 5618
2.09672209 2.74582745619732e-05 263 5612
2.1017262 2.74582745619732e-05 263 5621
2.10673031 2.74582745619732e-05 263 5616
2.11173442 2.74582745619732e-05 263 5613
2.11673853 2.74582745619732e-05 263 5611
2.12174264 2.74582745619732e-05 263 5624
2.12674675 2.74582745619732e-05 263 5621
2.13175086 2.74582745619732e-05 263 5617
2.13675497 2.74582745619732e-05 263 5610
2.14175908 2.74582745619732e-05 263 5619
2.14676319 2.74582745619732e-05 263 5614
2.1517673 2.74582745619732e-05 263 5608
2.15677141 2.74582745619732e-05 263 5606
2.16177552 2.74582745619732e-05 263 5629
2.16677963 2.74582745619732e-05 263 5628
2.17178374 2.74582745619732e-05 263 5627
2.17678785 2.74582745619732e-05 263 5621
2.18179196 2.74582745619732e-05 263 5637
2.18679607 2.74582745619732e-05 263 5632
2.19180018 2.74582745619732e-05 263 5626
2.19680429 2.74582745619732e-05 263 5620
2.2018084 2.74582745619732e-05 263 5633
2.20681251 2.74582745619732e-05 263 5630
2.21181662 2.74582745619732e-05 263 5626
2.21682073 2.74582745619732e-05 263 5624
2.22182484 2.74582745619732e-05 263 5640
2.22682895 2.74582745619732e-05 263 5639
2.23183306 2.74582745619732e-05 263 5634
2.23683717 2.74582745619732e-05 263 5630
2.24184128 2.74582745619732e-05 263 5636
2.24684539 2.74582745619732e-05 263 5633
2.2518495 2.74582745619732e-05 263 5630
