# Fix print output for fix logmf
0.004998996 0 0 28909
0.009997992 0 0 28909
0.014996988 0 0 28909
0.019995984 0 0 28909
0.02499498 0 0 28976
0.029993976 0 0 28976
0.034992972 0 0 28976
0.039991968 0 0 28976
0.044990964 0 0 29042
0.04998996 0 0 29042
0.054988956 0 0 29041
0.059987952 0 0 29033
0.064986948 0 0 29091
0.069985944 0 0 29085
0.07498494 0 0 29077
0.079983936 0 0 29070
0.084982932 0 0 29131
0.089981928 0 0 29127
0.094980924 0 0 29124
0.09997992 0 0 29121
0.104978916 0 0 29184
0.109977912 0 0 29182
0.114976908 0 0 29179
0.119975904 0 0 29175
0.1249749 0 0 29241
0.129973896 0 0 29237
0.134972892 0 0 29235
0.139971888 5.34416785320344e-08 1 29231
0.144970884 2.13766714128138e-07 4 29295
0.14996988 1.0820063515693e-06 15 29282
0.154968876 1.80166876795021e-06 23 29274
0.159967872 1.88868961636386e-06 24 29271
0.164966868 1.97571046477752e-06 25 29336
0.169965864 2.10805829760863e-06 26 29334
0.17496486 2.10805829760863e-06 26 29334
0.179963856 2.28209999443594e-06 28 29332
0.184962852 2.28209999443594e-06 28 29398
0.189961848 2.28209999443594e-06 28 29396
0.194960844 2.28209999443594e-06 28 29395
0.19995984 2.28209999443594e-06 28 29395
0.204958836 2.28209999443594e-06 28 29461
0.209957832 2.28209999443594e-06 28 29461
0.214956828 2.28209999443594e-06 28 29461
0.219955824 2.28209999443594e-06 28 29461
0.22495482 2.28209999443594e-06 28 29526
0.229953816 2.28209999443594e-06 28 29526
0.234952812 2.28209999443594e-06 28 29526
0.239951808 2.28209999443594e-06 28 29526
0.244950804 2.28209999443594e-06 28 29592
0.2499498 2.28209999443594e-06 28 29592
0.254948796 2.28209999443594e-06 28 29592
0.259947792 2.46788950579909e-06 30 29589
0.264946788 2.46788950579909e-06 30 29655
0.269945784 2.74069986557589e-06 33 29652
0.27494478 2.873047698407e-06 34 29647
0.279943776 3.01351022535269e-06 36 29645
0.284942772 3.26085610936244e-06 40 29707
0.289941768 3.72757067461697e-06 46 29697
0.294940764 4.4391183968833e-06 53 29689
0.29993976 4.87422263895156e-06 58 29682
0.304938756 4.9276643174836e-06 59 29747
0.309937752 5.69628683870324e-06 66 29741
0.314936748 6.0759805555441e-06 71 29731
0.319935744 6.52283261214821e-06 76 29723
0.32493474 6.65518044497932e-06 77 29787
0.329933736 7.03487416182019e-06 82 29780
0.334932732 7.34126369147861e-06 85 29770
0.339931728 7.58860957548837e-06 89 29749
0.344930724 7.99376776809628e-06 93 29806
0.34992972 8.30827199186927e-06 97 29784
0.354928716 8.65438653882853e-06 102 29766
0.359927712 8.92719689860533e-06 105 29757
0.364926708 9.28702810679578e-06 109 29807
0.369925704 9.42749063374147e-06 111 29795
0.3749247 9.74562797793573e-06 114 29781
0.379923696 1.05640590572661e-05 123 29762
0.384922692 1.10226589284061e-05 128 29805
0.389921688 1.12954692881829e-05 131 29791
0.394920684 1.19082483474997e-05 137 29772
0.39991968 1.21357317228591e-05 140 29745
0.404918676 1.23296359283368e-05 143 29793
0.409917672 1.24619837611679e-05 144 29781
0.414916668 1.26558879666456e-05 147 29764
0.419915664 1.28416774780088e-05 149 29751
0.42491466 1.29485608350728e-05 151 29799
0.429913656 1.30020025136049e-05 152 29784
0.434912652 1.32294858889642e-05 155 29773
0.439911648 1.39155691354635e-05 163 29751
0.444910644 1.41548003253587e-05 166 29803
0.44990964 1.45879357207316e-05 172 29788
0.454908636 1.52505233381592e-05 180 29770
0.459907632 1.61895544357849e-05 190 29752
0.464906628 1.6689848170921e-05 196 29807
0.469905624 1.75082792502514e-05 205 29792
0.47490462 1.80620146639196e-05 212 29777
0.479903616 1.8619383198009e-05 218 29767
0.484902612 1.89654977449683e-05 223 29821
0.489901608 1.99280244716656e-05 233 29800
0.494900604 2.14879493227227e-05 250 29775
0.4998996 2.24188657262338e-05 259 29759
0.504898596 2.33660115179741e-05 270 29811
0.509897592 2.41055364430054e-05 279 29796
0.514896588 2.50980092191631e-05 290 29782
0.519895584 2.60034611469071e-05 300 29762
0.52489458 2.73384153496028e-05 317 29808
0.529893576 2.87125506892968e-05 332 29783
0.534892572 2.98790651622818e-05 345 29760
0.539891568 3.03376650334217e-05 350 29752
0.544890564 3.10528458761093e-05 356 29808
0.54988956 3.18295830914435e-05 364 29795
0.554888556 3.23752038109971e-05 370 29782
0.559887552 3.28791306665545e-05 375 29774
0.564886548 3.39784867997763e-05 388 29823
0.569885544 3.45856638919765e-05 396 29813
0.57488454 3.55817697885555e-05 406 29798
0.579883536 3.66730112276627e-05 418 29781
0.584882532 3.75946925436359e-05 430 29828
0.589881528 3.85337236412616e-05 440 29815
0.594880524 3.97908920830815e-05 453 29798
0.59987952 4.07335563011284e-05 462 29785
0.604878516 4.13698309895169e-05 468 29840
0.609877512 4.22380706269581e-05 479 29826
0.614876508 4.26849226835622e-05 484 29818
0.619875504 4.33430287272965e-05 490 29809
0.6248745 4.42193830588523e-05 502 29863
0.629873496 4.52988766834236e-05 514 29848
0.634872492 4.71153825060284e-05 532 29828
0.639871488 4.84875489990269e-05 548 29810
0.644870484 4.99268738317887e-05 564 29857
0.64986948 5.1071556949428e-05 577 29842
0.654868476 5.19316818927546e-05 587 29832
0.659867472 5.37227232395923e-05 606 29809
0.664866468 5.43970586715557e-05 614 29863
0.669865464 5.56089001289582e-05 627 29846
0.67486446 5.60557521855623e-05 632 29840
0.679863456 5.69158771288889e-05 642 29825
0.684862452 5.75311689152037e-05 651 29879
0.689861448 5.8324135518767e-05 661 29867
0.694860444 5.89430604255031e-05 669 29856
0.69985944 5.95004289595925e-05 675 29845
0.704858436 6.03524392088045e-05 684 29899
0.709857432 6.14101014780301e-05 696 29885
0.714856428 6.24839931354849e-05 710 29870
0.719855424 6.39034554595963e-05 725 29854
0.72485442 6.53998550913115e-05 741 29899
0.729853416 6.67485259552385e-05 757 29883
0.734852412 6.77236489497437e-05 770 29867
0.739851408 6.85166155533071e-05 780 29856
0.744850404 6.90902134756258e-05 788 29913
0.7498494 6.95569280408803e-05 794 29906
0.754848396 6.9697390567826e-05 796 29902
0.759847392 7.01895696088476e-05 801 29897
0.764846388 7.10869068424771e-05 810 29950
0.769845384 7.17312962249802e-05 817 29941
0.77484438 7.277721067967e-05 829 29927
0.779843376 7.33981044331015e-05 836 29920
0.784842372 7.41295146640183e-05 844 29978
0.789841368 7.53114100719604e-05 856 29963
0.794840364 7.60590496911064e-05 866 29952
0.79983936 7.7349797302808e-05 879 29939
0.804838356 7.82851952800124e-05 890 29993
0.809837352 7.92522035804031e-05 902 29980
0.814836348 8.01576555081472e-05 912 29967
0.819835344 8.12153177773728e-05 924 29954
0.82483434 8.21207697051169e-05 934 30007
0.829833336 8.28521799360337e-05 942 29999
0.834832332 8.37414024755487e-05 950 29991
0.839831328 8.39017275111448e-05 953 29986
0.844830324 8.46051605392966e-05 959 30047
0.84982932 8.53130751411417e-05 967 30038
0.854828316 8.61768332048896e-05 976 30028
0.859827312 8.65565269217305e-05 981 30022
0.864826308 8.7246243288651e-05 988 30081
0.869825304 8.75943266823057e-05 992 30075
0.8748243 8.82269682502729e-05 999 30068
0.879823296 8.9078978499485e-05 1008 30060
0.884822292 8.96662930830348e-05 1015 30118
0.889821288 8.97197347615668e-05 1016 30116
0.894820284 8.98067556099805e-05 1017 30115
0.89981928 9.04231677897186e-05 1022 30110
0.904818276 9.070409284361e-05 1026 30173
0.909817272 9.11391970856783e-05 1031 30167
0.914816268 9.12995221212744e-05 1034 30164
0.919815264 9.16512386353503e-05 1037 30161
0.92481426 9.1738259483764e-05 1038 30227
0.929813256 9.19576281650087e-05 1040 30225
0.934812252 9.21769968462535e-05 1042 30224
0.939811248 9.25704072243256e-05 1046 30219
0.944810244 9.26574280727392e-05 1047 30285
0.94980924 9.29638176023977e-05 1050 30282
0.954808236 9.29638176023977e-05 1050 30282
0.959807232 9.30508384508113e-05 1051 30281
0.964806228 9.30508384508113e-05 1051 30348
0.969805224 9.31042801293434e-05 1052 30347
0.97480422 9.31042801293434e-05 1052 30347
0.979803216 9.31042801293434e-05 1052 30347
0.984802212 9.34976905074154e-05 1056 30411
0.989801208 9.37786155613068e-05 1060 30406
0.994800204 9.46306258105189e-05 1069 30398
0.9997992 9.52887318542532e-05 1075 30391
1.004798196 9.57020047409757e-05 1080 30453
1.009797192 9.63265316148284e-05 1086 30447
1.014796188 9.65738774988382e-05 1090 30443
1.019795184 9.71194982183918e-05 1096 30436
1.02479418 9.75327711051143e-05 1101 30497
1.029793176 9.78590231434231e-05 1105 30493
1.034792172 9.81771604876174e-05 1108 30490
1.039791168 9.86810873431749e-05 1113 30485
1.044790164 9.89004560244196e-05 1115 30549
1.04978916 9.90328038572508e-05 1116 30548
1.054788156 9.93335914197926e-05 1121 30543
1.059787152 9.94740539467383e-05 1123 30541
1.064786148 9.9614516473684e-05 1125 30606
1.069785144 9.98873268334608e-05 1128 30603
1.07478414 9.99942101905248e-05 1130 30601
1.079783136 0.000100081231038939 1131 30600
1.084782132 0.000100342293584179 1134 30664
1.089781128 0.000100561662265424 1136 30661
1.094780124 0.000100755566470902 1139 30658
1.09977912 0.000100887914303733 1140 30657
1.104778116 0.000101020262136564 1141 30723
1.109777112 0.000101433535023287 1146 30718
1.114776108 0.00010197915574284 1152 30713
1.119775104 0.000102392428629563 1157 30708
