# Fix print output for fix logmf
0.004998996 0 0 28983
0.009997992 0 0 28983
0.014996988 0 0 28983
0.019995984 0 0 28983
0.02499498 0 0 29050
0.029993976 0 0 29050
0.034992972 0 0 29050
0.039991968 0 0 29050
0.044990964 0 0 29116
0.04998996 0 0 29116
0.054988956 0 0 29114
0.059987952 0 0 29101
0.064986948 0 0 29150
0.069985944 0 0 29142
0.07498494 0 0 29129
0.079983936 0 0 29117
0.084982932 0 0 29176
0.089981928 0 0 29172
0.094980924 0 0 29164
0.09997992 0 0 29162
0.104978916 0 0 29225
0.109977912 0 0 29222
0.114976908 0 0 29221
0.119975904 0 0 29219
0.1249749 0 0 29284
0.129973896 0 0 29283
0.134972892 0 0 29280
0.139971888 1.85789511363148e-07 2 29279
0.144970884 1.9051909447443e-06 19 29330
0.14996988 4.36245302943087e-06 45 29302
0.154968876 6.1036858181578e-06 62 29283
0.159967872 8.10598115212569e-06 82 29263
0.164966868 1.04090640486354e-05 107 29302
0.169965864 1.16488827088028e-05 122 29287
0.17496486 1.36237447203083e-05 144 29265
0.179963856 1.62679167097814e-05 168 29240
0.184962852 1.83063039406288e-05 191 29283
0.189961848 1.97064476363924e-05 209 29265
0.194960844 2.12064803885287e-05 224 29253
0.19995984 2.26754466977814e-05 242 29232
0.204958836 2.40022862063625e-05 258 29284
0.209957832 2.59374232005672e-05 278 29261
0.214956828 2.80166558421388e-05 299 29240
0.219955824 3.05925490984253e-05 327 29211
0.22495482 3.32954927933957e-05 357 29246
0.229953816 3.62765442422901e-05 389 29213
0.234952812 3.7904171313413e-05 410 29192
0.239951808 4.05589707239985e-05 438 29162
0.244950804 4.26706621420284e-05 463 29202
0.2499498 4.46648427818817e-05 482 29183
0.254948796 4.75171795183663e-05 512 29151
0.259947792 5.02229078804859e-05 538 29125
0.264946788 5.2885821985186e-05 567 29162
0.269945784 5.60291673163719e-05 601 29124
0.27494478 5.8377577197299e-05 626 29098
0.279943776 6.09162581632826e-05 655 29068
0.284942772 6.3111337309305e-05 682 29108
0.289941768 6.64105261023937e-05 717 29070
0.294940764 6.89410923742629e-05 745 29041
0.29993976 7.15648253419649e-05 776 29006
0.304938756 7.41661830740185e-05 803 29042
0.309937752 7.63984745103438e-05 829 29014
0.314936748 7.86970758331602e-05 852 28987
0.319935744 8.04509048896951e-05 872 28961
0.32493474 8.29616086529138e-05 899 28990
0.329933736 8.55039227393188e-05 927 28956
0.334932732 8.78884245171255e-05 955 28922
0.339931728 9.04724324675267e-05 984 28885
0.344930724 9.30774233200016e-05 1010 28916
0.34992972 9.54339478950434e-05 1036 28878
0.354928716 9.75014327220793e-05 1057 28844
0.359927712 0.000100294181932613 1084 28805
0.364926708 0.000102318852502229 1108 28833
0.369925704 0.000104746168537455 1133 28785
0.3749247 0.000107230559371635 1158 28745
0.379923696 0.000110273167193176 1192 28693
0.384922692 0.000112289723068678 1215 28722
0.389921688 0.000114881845713194 1245 28677
0.394920684 0.000116718214044449 1264 28646
0.39991968 0.000118723022105415 1287 28607
0.404918676 0.000120794988506144 1310 28642
0.409917672 0.000123157115048302 1334 28607
0.414916668 0.000126081091698243 1366 28563
0.419915664 0.000127844699722618 1387 28531
0.42491466 0.000130338053704184 1416 28556
