# Fix print output for fix logmf
0.004998996 0 0 28905
0.009997992 0 0 28905
0.014996988 0 0 28905
0.019995984 0 0 28905
0.02499498 0 0 28972
0.029993976 0 0 28972
0.034992972 0 0 28972
0.039991968 0 0 28972
0.044990964 0 0 29038
0.04998996 0 0 29038
0.054988956 0 0 29038
0.059987952 0 0 29038
0.064986948 0 0 29105
0.069985944 0 0 29105
0.07498494 0 0 29105
0.079983936 0 0 29105
0.084982932 0 0 29172
0.089981928 0 0 29172
0.094980924 0 0 29172
0.09997992 0 0 29172
0.104978916 0 0 29238
0.109977912 0 0 29238
0.114976908 0 0 29238
0.119975904 0 0 29238
0.1249749 0 0 29305
0.129973896 0 0 29305
0.134972892 1.32347832831114e-07 1 29304
0.139971888 6.86083246499289e-07 8 29297
0.144970884 2.46340793210578e-06 28 29345
0.14996988 3.77849962615106e-06 44 29329
0.154968876 5.35017229174398e-06 61 29313
0.159967872 6.24387640495219e-06 71 29301
0.164966868 6.55838062872519e-06 75 29364
0.169965864 7.04244497563218e-06 79 29360
0.17496486 7.70866571348105e-06 86 29353
0.179963856 8.20084475450262e-06 91 29348
0.184962852 8.87881330688734e-06 98 29407
0.189961848 9.41631933232637e-06 103 29403
0.194960844 9.81784440451301e-06 108 29397
0.19995984 9.90486525292666e-06 109 29396
0.204958836 1.0562971296661e-05 115 29457
0.209957832 1.09228025048514e-05 119 29453
0.214956828 1.17630649395276e-05 128 29444
0.219955824 1.24038212016094e-05 136 29437
0.22495482 1.29911357851592e-05 143 29496
0.229953816 1.35286418105982e-05 148 29491
0.234952812 1.39002208333245e-05 152 29487
0.239951808 1.45608396040568e-05 161 29478
0.244950804 1.49659977966647e-05 165 29539
0.2499498 1.52922498349735e-05 169 29535
0.254948796 1.58913122330592e-05 176 29528
0.259947792 1.65494182767935e-05 182 29522
0.264946788 1.70334826237005e-05 186 29585
0.269945784 1.73398721533589e-05 189 29583
0.27494478 1.82372093869884e-05 198 29574
0.279943776 1.87120386463575e-05 205 29566
0.284942772 1.91253115330799e-05 210 29629
0.289941768 1.96174905741015e-05 215 29623
0.294940764 2.01513634791193e-05 221 29617
0.29993976 2.08629112013856e-05 228 29611
0.304938756 2.13016485638751e-05 232 29673
0.309937752 2.21281943373201e-05 242 29663
0.314936748 2.28850690440039e-05 249 29656
0.319935744 2.38649455523537e-05 257 29648
0.32493474 2.45347994106239e-05 263 29709
0.329933736 2.50132617904142e-05 269 29703
0.334932732 2.52270285045423e-05 273 29699
0.339931728 2.57471847483289e-05 280 29692
0.344930724 2.61859221108184e-05 284 29755
0.34992972 2.65457533190089e-05 288 29751
0.354928716 2.69136992213139e-05 293 29746
0.359927712 2.74139929564501e-05 299 29740
0.364926708 2.77936866732909e-05 304 29802
0.369925704 2.81118240174852e-05 307 29799
0.3749247 2.88849281123981e-05 316 29790
0.379923696 2.97568008702606e-05 326 29780
0.384922692 3.06958319678862e-05 336 29837
0.389921688 3.17081672526943e-05 348 29825
0.394920684 3.22420401577121e-05 354 29819
0.39991968 3.29835339294388e-05 362 29811
0.404918676 3.44346065767365e-05 378 29862
0.409917672 3.51044604350066e-05 384 29856
0.414916668 3.59111436998012e-05 393 29847
0.419915664 3.65300686065372e-05 401 29839
0.42491466 3.6802878966314e-05 404 29903
0.429913656 3.71092684959724e-05 407 29900
0.434912652 3.77419100639397e-05 414 29893
0.439911648 3.80681621022485e-05 418 29889
0.444910644 3.83490871561399e-05 422 29952
0.44990964 3.89364017396897e-05 429 29944
0.454908636 3.93440726592955e-05 436 29937
0.459907632 3.98896933788491e-05 442 29931
0.464906628 4.02612724015754e-05 446 29994
0.469905624 4.07000097640649e-05 450 29990
0.47490462 4.1093420142137e-05 454 29986
0.479903616 4.1552020013277e-05 459 29981
0.484902612 4.23368719227257e-05 468 30038
0.489901608 4.29639115235764e-05 477 30029
0.494900604 4.39228051298525e-05 488 30018
0.4998996 4.40632676567981e-05 490 30016
0.504898596 4.4955002923311e-05 501 30072
0.509897592 4.54018549799151e-05 506 30067
0.514896588 4.69318337815118e-05 522 30052
0.519895584 4.82180998195201e-05 533 30040
0.52489458 4.92676473946311e-05 544 30095
0.529893576 5.09523492647073e-05 565 30077
0.534892572 5.21703365695289e-05 580 30059
0.539891568 5.34040093822772e-05 593 30046
0.544890564 5.47817778423924e-05 607 30099
0.54988956 5.64141584273599e-05 623 30083
0.554888556 5.83935020125587e-05 647 30058
0.559887552 6.00222494771049e-05 664 30042
0.564886548 6.1754247178294e-05 684 30090
0.569885544 6.28301076824441e-05 697 30076
0.57488454 6.39910201883125e-05 712 30060
0.579883536 6.59306387562106e-05 734 30038
0.584882532 6.69429740410187e-05 746 30093
0.589881528 6.82790486371378e-05 759 30080
0.594880524 6.90720152407012e-05 769 30070
0.59987952 6.95723089758374e-05 775 30064
0.604878516 7.03745106669387e-05 782 30123
0.609877512 7.13252895791002e-05 792 30113
0.614876508 7.26149167973785e-05 809 30096
0.619875504 7.38385060693169e-05 822 30083
0.6248745 7.5111903899366e-05 837 30137
0.629873496 7.61043766755238e-05 848 30124
0.634872492 7.67823452279085e-05 855 30117
0.639871488 7.76461032916564e-05 864 30108
0.644870484 7.8794419529717e-05 876 30163
0.64986948 7.94351757917988e-05 884 30155
0.654868476 8.01095112237623e-05 892 30147
0.659867472 8.1192637968755e-05 903 30137
0.664866468 8.17600900436544e-05 909 30197
0.669865464 8.24125941202721e-05 917 30189
0.67486446 8.33180460480162e-05 927 30179
0.679863456 8.38936128170301e-05 934 30172
0.684862452 8.46331377420615e-05 943 30232
0.689861448 8.5046410628784e-05 948 30225
0.694860444 8.58276294178115e-05 958 30215
0.69985944 8.62291544899982e-05 963 30210
0.704858436 8.69071230423829e-05 970 30270
0.709857432 8.77255541217134e-05 979 30261
0.714856428 8.84197520623273e-05 988 30253
0.719855424 8.9189223036819e-05 998 30242
0.72485442 8.98753062833183e-05 1006 30300
0.729853416 9.04463914786389e-05 1011 30295
0.734852412 9.12530747434335e-05 1020 30286
0.739851408 9.1666347630156e-05 1025 30281
0.744850404 9.25301056939039e-05 1034 30338
0.7498494 9.30166827678089e-05 1041 30331
0.754848396 9.32441661431683e-05 1044 30328
0.759847392 9.35586703669413e-05 1048 30324
0.764846388 9.42783327833222e-05 1056 30383
0.769845384 9.5063184692771e-05 1065 30374
0.77484438 9.60022157903967e-05 1075 30364
0.779843376 9.63167200141697e-05 1079 30360
0.784842372 9.68505929191875e-05 1085 30421
0.789841368 9.74868676075761e-05 1091 30416
0.794840364 9.78329821545353e-05 1096 30410
0.79983936 9.88788966092251e-05 1108 30398
0.804838356 0.000100065273590861 1122 30450
0.809837352 0.000100929031654609 1131 30441
0.814836348 0.000101403860913978 1138 30434
0.819835344 0.000102446142248246 1151 30421
0.82483434 0.000103207498528623 1160 30480
0.829833336 0.000104807148396981 1179 30459
0.834832332 0.000106137621025984 1194 30444
0.839831328 0.000107025723172075 1206 30432
0.844830324 0.000108006448133697 1217 30488
0.84982932 0.000109734812714465 1238 30469
0.854828316 0.000111166022853112 1253 30452
0.859827312 0.000112225653969033 1264 30442
0.864826308 0.000113192662269424 1276 30495
0.869825304 0.000114871218292081 1295 30478
0.8748243 0.000115987924206955 1306 30465
0.879823296 0.000116772776116404 1315 30458
0.884822292 0.000117453257395787 1325 30512
0.889821288 0.000118578078004776 1337 30500
0.894820284 0.000119351182099689 1346 30491
0.89981928 0.000120174094752712 1357 30480
0.904818276 0.000121690356893078 1374 30530
0.909817272 0.000122637502684818 1385 30519
0.914816268 0.000124319691827896 1403 30501
0.919815264 0.000125481724727188 1414 30491
0.92481426 0.000126697199305012 1426 30545
0.929813256 0.000127867346898418 1438 30533
0.934812252 0.000129711829923788 1458 30515
0.939811248 0.000130898206905423 1472 30499
0.944810244 0.000132307585688724 1487 30553
0.94980924 0.000133367216804645 1498 30540
0.954808236 0.000134264554038275 1507 30531
0.959807232 0.000135547186955861 1519 30519
0.964806228 0.000136399197205073 1528 30577
0.969805224 0.000136970282400394 1533 30572
0.97480422 0.000137375440593002 1537 30568
0.979803216 0.000138078873621154 1543 30562
0.984802212 0.000138922769176251 1551 30622
0.989801208 0.000139009790024665 1552 30620
0.994800204 0.000139009790024665 1552 30620
0.9997992 0.000139403200402737 1556 30616
1.004798196 0.000139577242099564 1558 30680
1.009797192 0.000139796610780809 1560 30678
1.014796188 0.00013992895861364 1561 30677
1.019795184 0.00013992895861364 1561 30677
1.02479418 0.00013992895861364 1561 30743
1.029793176 0.000140015979462053 1562 30742
1.034792172 0.000140122862819118 1564 30740
1.039791168 0.000140255210651949 1565 30739
1.044790164 0.000140255210651949 1565 30805
1.04978916 0.000140308652330481 1566 30804
1.054788156 0.000140308652330481 1566 30804
1.059787152 0.000140308652330481 1566 30804
1.064786148 0.000140308652330481 1566 30871
1.069785144 0.000140308652330481 1566 30871
1.07478414 0.000140308652330481 1566 30871
1.079783136 0.000140308652330481 1566 30871
1.084782132 0.000140308652330481 1566 30937
1.089781128 0.000140308652330481 1566 30937
1.094780124 0.000140308652330481 1566 30937
1.09977912 0.000140308652330481 1566 30937
1.104778116 0.000140308652330481 1566 31004
1.109777112 0.000140308652330481 1566 31004
1.114776108 0.000140308652330481 1566 31004
1.119775104 0.000140308652330481 1566 31004
1.1247741 0.000140308652330481 1566 31071
1.129773096 0.000140308652330481 1566 31071
1.134772092 0.000140308652330481 1566 31071
1.139771088 0.000140308652330481 1566 31071
1.144770084 0.000140308652330481 1566 31138
1.14976908 0.000140308652330481 1566 31138
1.154768076 0.000140308652330481 1566 31138
1.159767072 0.000140308652330481 1566 31138
1.164766068 0.000140308652330481 1566 31204
1.169765064 0.000140308652330481 1566 31204
