# Fix print output for fix logmf
0.00500411 0 0 4108
0.01000822 0 0 4108
0.01501233 0 0 4108
0.02001644 0 0 4164
0.02502055 0 0 4164
0.03002466 0 0 4164
0.03502877 0 0 4164
0.04003288 0 0 4200
0.04503699 0 0 4197
0.0500411 0 0 4194
0.05504521 0 0 4187
0.06004932 0 0 4215
0.06505343 0 0 4211
0.07005754 0 0 4207
0.07506165 0 0 4205
0.08006576 0 0 4216
0.08506987 0 0 4214
0.09007398 0 0 4212
0.09507809 0 0 4211
0.1000822 0 0 4223
0.10508631 0 0 4223
0.11009042 0 0 4222
0.11509453 0 0 4221
0.12009864 0 0 4223
0.12510275 0 0 4223
0.13010686 0 0 4223
0.13511097 0 0 4223
0.14011508 0 0 4234
0.14511919 0 0 4234
0.1501233 3.13482593790332e-07 2 4231
0.15512741 5.73283837686511e-07 4 4228
0.16013152 7.30025134581676e-07 5 4246
0.16513563 9.89826378477856e-07 7 4244
0.17013974 9.89826378477856e-07 7 4243
0.17514385 9.89826378477856e-07 7 4242
0.18014796 1.21946970538286e-06 10 4265
0.18515207 1.34605308528686e-06 12 4263
0.19015618 1.81197422318506e-06 16 4259
0.19516029 1.91503417018608e-06 17 4258
0.2001644 1.91503417018608e-06 17 4286
0.20516851 2.07177546708124e-06 18 4285
0.21017262 2.2918084539284e-06 20 4283
0.21517673 2.2918084539284e-06 20 4281
0.22018084 2.44854975082357e-06 21 4316
0.22518495 2.70835099471975e-06 23 4312
0.23018906 2.70835099471975e-06 23 4310
0.23519317 2.96815223861593e-06 25 4308
0.24019728 3.25147691541509e-06 28 4353
0.24520139 3.25147691541509e-06 28 4353
0.2502055 3.4811202423201e-06 31 4349
0.25520961 3.63786153921526e-06 32 4347
0.26021372 3.63786153921526e-06 32 4403
0.26521783 3.9470413802183e-06 35 4401
0.27022194 4.10378267711347e-06 36 4398
0.27522605 4.38710735391263e-06 39 4392
0.28023016 4.45039904386463e-06 40 4446
0.28523427 4.55345899086564e-06 41 4441
0.29023838 4.88616226477166e-06 45 4436
0.29524249 5.05251390172467e-06 47 4430
0.3002466 5.2586337957267e-06 49 4482
0.30525071 5.52804537968072e-06 52 4476
0.31025482 5.63110532668174e-06 53 4469
0.31525893 5.73416527368275e-06 54 4461
0.32026304 5.73416527368275e-06 54 4509
0.32526715 6.05725820753093e-06 57 4505
0.33027126 6.05725820753093e-06 57 4501
0.33527537 6.16031815453194e-06 58 4494
0.34027948 6.16031815453194e-06 58 4545
0.34528359 6.48341108838012e-06 61 4539
0.3502877 6.84627227927731e-06 64 4530
0.35529181 7.00301357617247e-06 65 4520
0.36029592 7.10607352317349e-06 66 4572
0.36530003 7.47854505412853e-06 70 4565
0.37030414 7.47854505412853e-06 70 4558
0.37530825 7.58160500112954e-06 71 4549
0.38031236 7.7383462980247e-06 72 4584
0.38531647 8.04752613902774e-06 75 4578
0.39032058 8.15058608602876e-06 76 4571
0.39532469 8.41038732992493e-06 78 4558
0.4003288 8.47367901987693e-06 79 4608
0.40533291 8.57673896687794e-06 80 4601
0.41033702 8.70332234678194e-06 82 4595
0.41534113 8.96312359067811e-06 84 4585
0.42034524 8.96312359067811e-06 84 4635
0.42534935 9.02641528063011e-06 85 4625
0.43035346 9.02641528063011e-06 85 4621
0.43535757 9.34950821447829e-06 88 4613
0.44036168 9.4525681614793e-06 89 4664
0.44536579 9.55562810848031e-06 90 4660
0.4503699 9.61891979843231e-06 91 4656
0.45537401 9.87872104232849e-06 93 4653
0.46037812 9.94201273228048e-06 94 4703
0.46538223 1.01083643692335e-05 96 4697
0.47038634 1.02114243162345e-05 97 4692
0.47539045 1.04175442102365e-05 99 4679
0.48039456 1.06236641042386e-05 101 4729
0.48539867 1.06236641042386e-05 101 4726
0.49040278 1.06236641042386e-05 101 4719
0.49540689 1.07900157411916e-05 103 4712
0.500411 1.09467570380867e-05 104 4759
0.50541511 1.11034983349819e-05 105 4756
0.51041922 1.16231008227743e-05 109 4746
0.51542333 1.18431338096214e-05 111 4734
0.52042744 1.18431338096214e-05 111 4785
0.52543155 1.25430010272119e-05 117 4769
0.53043566 1.28564836210022e-05 119 4765
0.53543977 1.31795765548504e-05 122 4757
0.54044388 1.35961190956418e-05 125 4802
0.54544799 1.38022389896438e-05 127 4791
0.5504521 1.41157215834341e-05 129 4782
0.55545621 1.44924958671764e-05 132 4772
0.56046032 1.46588475041295e-05 134 4818
0.56546443 1.47619074511305e-05 135 4815
0.57046854 1.49819404379776e-05 137 4803
0.57547265 1.52652651147768e-05 140 4794
0.58047676 1.5525066358673e-05 142 4842
0.58548087 1.5628126305674e-05 143 4837
0.59048498 1.60542791865232e-05 147 4829
0.59548909 1.61573391335242e-05 148 4822
0.6004932 1.65341134172665e-05 151 4871
0.60549731 1.67402333112685e-05 153 4862
0.61050142 1.69065849482215e-05 155 4856
0.61550553 1.71663861921177e-05 157 4849
0.62050964 1.71663861921177e-05 157 4901
0.62551375 1.71663861921177e-05 157 4897
0.63051786 1.78029617197562e-05 162 4890
0.63552197 1.78029617197562e-05 162 4887
0.64052608 1.80090816137583e-05 164 4937
0.64553019 1.81754332507113e-05 166 4928
0.6505343 1.85382944416085e-05 169 4921
0.65553841 1.86015861315604e-05 170 4916
0.66054252 1.87583274284556e-05 171 4966
0.66554663 1.88216191184076e-05 172 4962
0.67055074 1.90512624453126e-05 175 4953
0.67555485 1.90512624453126e-05 175 4941
0.68055896 1.91543223923136e-05 176 4990
0.68556307 1.94141236362098e-05 178 4980
0.69056718 1.97276062300001e-05 180 4970
0.69557129 1.99476392168473e-05 182 4958
0.7005754 2.01537591108493e-05 184 5006
0.70557951 2.03105004077445e-05 185 4999
0.71058362 2.07064953716025e-05 190 4989
0.71558773 2.07064953716025e-05 190 4983
0.72059184 2.08728470085555e-05 192 5031
0.72559595 2.11326482524517e-05 194 5027
0.73060006 2.1446130846242e-05 196 5022
0.73560417 2.18325154700422e-05 200 5013
0.74060828 2.19892567669374e-05 201 5058
0.74561239 2.19892567669374e-05 201 5054
0.7506165 2.20923167139384e-05 202 5048
0.75562061 2.22490580108335e-05 203 5041
0.76062472 2.25088592547297e-05 205 5091
0.76562883 2.25088592547297e-05 205 5085
0.77063294 2.26119192017307e-05 206 5079
0.77563705 2.28717204456269e-05 208 5072
0.78064116 2.31315216895231e-05 210 5122
0.78564527 2.32345816365241e-05 211 5115
0.79064938 2.33913229334193e-05 212 5110
0.79565349 2.33913229334193e-05 212 5103
0.8006576 2.34943828804203e-05 213 5155
0.80566171 2.36607345173733e-05 215 5149
0.81066582 2.38174758142685e-05 216 5142
0.81566993 2.40772770581646e-05 218 5131
0.82067404 2.43370783020608e-05 220 5172
0.82567815 2.4802999439959e-05 224 5164
0.83068226 2.51658606308562e-05 227 5151
0.83568637 2.53858936177034e-05 229 5143
0.84069048 2.58120464985525e-05 233 5187
0.84569459 2.58120464985525e-05 233 5180
0.8506987 2.59783981355056e-05 235 5174
0.85570281 2.61447497724586e-05 237 5168
0.86070692 2.65215240562009e-05 240 5215
0.86571103 2.65848157461529e-05 241 5208
0.87071514 2.65848157461529e-05 241 5202
0.87571925 2.68446169900491e-05 243 5193
0.88072336 2.70013582869442e-05 244 5244
0.88572747 2.72611595308404e-05 246 5236
0.89073158 2.74179008277356e-05 247 5226
0.89573569 2.74179008277356e-05 247 5221
0.9007398 2.75842524646886e-05 249 5274
0.90574391 2.78138957915936e-05 252 5268
0.91074802 2.78771874815456e-05 253 5259
0.91575213 2.80037708614496e-05 255 5253
0.92075624 2.80037708614496e-05 255 5305
0.92576035 2.80670625514016e-05 256 5299
0.93076446 2.81701224984026e-05 257 5292
0.93576857 2.83364741353556e-05 259 5276
0.94077268 2.83364741353556e-05 259 5327
0.94577679 2.84395340823566e-05 260 5321
0.9507809 2.86456539763586e-05 262 5313
0.95578501 2.89054552202548e-05 264 5299
0.96078912 2.89054552202548e-05 264 5346
0.96579323 2.906219651715e-05 265 5335
0.97079734 2.906219651715e-05 265 5321
0.97580145 2.9165256464151e-05 266 5315
0.98080556 2.9228548154103e-05 267 5365
0.98580967 2.93852894509982e-05 268 5355
0.99081378 2.93852894509982e-05 268 5347
0.99581789 2.94883493979992e-05 269 5337
1.000822 2.97481506418954e-05 271 5383
1.00582611 3.00079518857915e-05 273 5372
1.01083022 3.064452741343e-05 278 5359
1.01583433 3.09043286573262e-05 280 5353
1.02083844 3.12274215911744e-05 283 5399
1.02584255 3.15409041849647e-05 285 5390
1.03084666 3.20068253228629e-05 289 5383
1.03585077 3.20068253228629e-05 289 5380
1.04085488 3.2173176959816e-05 291 5427
1.04585899 3.2276236906817e-05 292 5425
1.0508631 3.2339528596769e-05 293 5416
1.05586721 3.25595615836161e-05 295 5408
1.06087132 3.28193628275123e-05 297 5456
1.06587543 3.29857144644653e-05 299 5446
1.07087954 3.32455157083615e-05 301 5437
1.07588365 3.3715739599047e-05 304 5427
1.08088776 3.40786007899442e-05 307 5474
1.08589187 3.41816607369452e-05 308 5469
1.09089598 3.45584350206876e-05 311 5457
1.09590009 3.49845879015368e-05 315 5449
1.1009042 3.52046208883839e-05 317 5490
1.10590831 3.53613621852791e-05 318 5479
1.11091242 3.57779047260704e-05 321 5471
1.11591653 3.60870845670735e-05 324 5463
1.12092064 3.65669187978168e-05 328 5511
1.12592475 3.6723660094712e-05 329 5502
1.13092886 3.6723660094712e-05 329 5499
1.13593297 3.6890011731665e-05 331 5489
1.14093708 3.6890011731665e-05 331 5541
1.14594119 3.7056363368618e-05 333 5534
1.1509453 3.74427479924182e-05 337 5521
1.15594941 3.75458079394192e-05 338 5518
1.16095352 3.80160318301047e-05 341 5563
1.16595763 3.81190917771057e-05 342 5559
1.17096174 3.84819529680029e-05 345 5551
1.17596585 3.89617871987463e-05 349 5545
1.18096996 3.89617871987463e-05 349 5597
1.18597407 3.91281388356993e-05 351 5593
1.19097818 3.94373186767023e-05 354 5584
1.19598229 3.97067302606564e-05 357 5576
1.2009864 3.99267632475035e-05 359 5627
1.20599051 4.01467962343507e-05 361 5620
1.21099462 4.03668292211979e-05 363 5615
1.21599873 4.04301209111499e-05 364 5607
1.22100284 4.07436035049402e-05 366 5655
1.22600695 4.10527833459432e-05 369 5648
1.23101106 4.10527833459432e-05 369 5641
1.23601517 4.12095246428384e-05 370 5637
1.24101928 4.13125845898394e-05 371 5677
1.24602339 4.14391679697434e-05 373 5672
1.2510275 4.16989692136396e-05 375 5666
1.25603161 4.2218571701432e-05 379 5659
1.26103572 4.2321631648433e-05 380 5713
1.26603983 4.26447245822812e-05 383 5706
1.27104394 4.27477845292822e-05 384 5698
1.27604805 4.30708774631304e-05 387 5692
1.28105216 4.33939703969785e-05 390 5734
1.28605627 4.33939703969785e-05 390 5729
1.29106038 4.33939703969785e-05 390 5720
1.29606449 4.34970303439795e-05 391 5711
1.3010686 4.36537716408747e-05 392 5753
1.30607271 4.37568315878757e-05 393 5741
1.31107682 4.38598915348767e-05 394 5736
1.31608093 4.38598915348767e-05 394 5727
1.32108504 4.38598915348767e-05 394 5774
1.32608915 4.38598915348767e-05 394 5768
1.33109326 4.39231832248287e-05 395 5760
1.33609737 4.41528265517338e-05 398 5749
1.34110148 4.41528265517338e-05 398 5791
1.34610559 4.41528265517338e-05 398 5777
1.3511097 4.44361512285329e-05 401 5770
1.35611381 4.46959524724291e-05 403 5761
1.36111792 4.48623041093821e-05 405 5808
1.36612203 4.51853970432303e-05 408 5799
1.37112614 4.54988796370206e-05 410 5789
1.37613025 4.54988796370206e-05 410 5776
1.38113436 4.5812362230811e-05 412 5824
1.38613847 4.60956869076101e-05 415 5813
1.39114258 4.60956869076101e-05 415 5801
1.39614669 4.65659107982956e-05 418 5786
1.4011508 4.67226520951908e-05 419 5837
1.40615491 4.6942685082038e-05 421 5825
1.41115902 4.71627180688852e-05 423 5816
1.41616313 4.72260097588372e-05 424 5808
1.42116724 4.73827510557323e-05 425 5858
1.42617135 4.78625852864757e-05 429 5848
1.43117546 4.80826182733228e-05 431 5837
1.43617957 4.80826182733228e-05 431 5833
1.44118368 4.85624525040662e-05 435 5877
1.44618779 4.86890358839702e-05 437 5866
1.4511919 4.88457771808654e-05 438 5862
1.45619601 4.92719300617146e-05 442 5853
1.46120012 4.96347912526118e-05 445 5904
1.46620423 4.98011428895648e-05 447 5899
1.47120834 5.00211758764119e-05 449 5887
1.47621245 5.06136803942141e-05 455 5878
1.48121656 5.06136803942141e-05 455 5929
1.48622067 5.07704216911093e-05 456 5925
1.49122478 5.08734816381103e-05 457 5918
1.49622889 5.10302229350055e-05 458 5912
1.501233 5.15100571657488e-05 462 5960
1.50623711 5.21370223533295e-05 466 5951
1.51124122 5.21370223533295e-05 466 5951
1.51624533 5.23666656802345e-05 469 5943
1.52124944 5.23666656802345e-05 469 5990
1.52625355 5.24697256272355e-05 470 5982
1.53125766 5.27391372111896e-05 473 5975
1.53626177 5.28421971581906e-05 474 5966
1.54126588 5.30085487951436e-05 476 6013
1.54626999 5.31749004320966e-05 478 6006
1.5512741 5.34045437590016e-05 481 5992
1.55627821 5.34678354489536e-05 482 5987
1.56128232 5.34678354489536e-05 482 6040
1.56628643 5.36245767458488e-05 483 6032
1.57129054 5.36878684358008e-05 484 6025
1.57629465 5.38144518157048e-05 486 6016
1.58129876 5.40205717097068e-05 488 6063
1.58630287 5.40205717097068e-05 488 6060
1.59130698 5.4177313006602e-05 489 6056
1.59631109 5.44371142504982e-05 491 6051
1.6013152 5.44371142504982e-05 491 6099
1.60631931 5.47602071843463e-05 494 6090
1.61132342 5.49169484812415e-05 495 6079
1.61632753 5.51863600651955e-05 498 6068
1.62133164 5.51863600651955e-05 498 6114
1.62633575 5.53924799591976e-05 500 6108
1.63133986 5.54955399061986e-05 501 6098
1.63634397 5.57553411500948e-05 503 6094
1.64134808 5.59753741369419e-05 505 6139
1.64635219 5.61417257738949e-05 507 6130
1.6513563 5.65045869647921e-05 510 6122
1.65636041 5.68813612485345e-05 513 6114
1.66136452 5.69446529384865e-05 514 6162
1.66636863 5.70079446284385e-05 515 6151
1.67137274 5.73943292522387e-05 519 6138
1.67637685 5.781087179303e-05 522 6130
1.68138096 5.79676130899252e-05 523 6177
1.68638507 5.81737329839272e-05 525 6170
1.69138918 5.83937659707744e-05 527 6159
1.69639329 5.85601176077274e-05 529 6151
1.7013974 5.90399518384707e-05 533 6194
1.70640151 5.94564943792621e-05 536 6184
1.71140562 5.94564943792621e-05 536 6180
1.71640973 5.95197860692141e-05 537 6178
1.72141384 5.98428790030623e-05 540 6229
1.72641795 5.98428790030623e-05 540 6221
1.73142206 6.02057401939595e-05 543 6210
1.73642617 6.04751517779135e-05 546 6202
1.74143028 6.07982447117617e-05 549 6238
1.74643439 6.11309479856677e-05 553 6230
1.7514385 6.11309479856677e-05 553 6225
1.75644261 6.13509809725148e-05 555 6220
1.76144672 6.1634305649314e-05 558 6268
1.76645083 6.1634305649314e-05 558 6262
1.77145494 6.20743716230083e-05 562 6255
1.77645905 6.22407232599613e-05 564 6249
1.78146316 6.25101348439154e-05 567 6272
1.78646727 6.26131947909164e-05 568 6266
1.79147138 6.28729960348125e-05 570 6262
1.79647549 6.31864786286029e-05 572 6254
1.8014796 6.35493398195001e-05 575 6266
1.80648371 6.37789831464051e-05 578 6256
1.81148782 6.40924657401954e-05 580 6251
1.81649193 6.42985856341974e-05 582 6249
1.82149604 6.44553269310926e-05 583 6256
1.82650015 6.46120682279878e-05 584 6252
1.83150426 6.47688095248829e-05 585 6246
1.83650837 6.49888425117301e-05 587 6242
1.84151248 6.49888425117301e-05 587 6254
1.84651659 6.49888425117301e-05 587 6249
1.8515207 6.50919024587311e-05 588 6245
1.85652481 6.52582540956841e-05 590 6243
1.86152892 6.55180553395803e-05 592 6248
1.86653303 6.55180553395803e-05 592 6247
1.87153714 6.55180553395803e-05 592 6245
1.87654125 6.57380883264275e-05 594 6239
1.88154536 6.57380883264275e-05 594 6244
1.88654947 6.57380883264275e-05 594 6242
1.89155358 6.57380883264275e-05 594 6238
1.89655769 6.58948296233226e-05 595 6234
1.9015618 6.58948296233226e-05 595 6241
1.90656591 6.58948296233226e-05 595 6237
1.91157002 6.61148626101698e-05 597 6235
1.91657413 6.61148626101698e-05 597 6233
1.92157824 6.61148626101698e-05 597 6237
1.92658235 6.6271603907065e-05 598 6235
1.93158646 6.6271603907065e-05 598 6235
1.93659057 6.6271603907065e-05 598 6235
1.94159468 6.6271603907065e-05 598 6241
1.94659879 6.64283452039601e-05 599 6240
1.9516029 6.64916368939121e-05 600 6239
1.95660701 6.64916368939121e-05 600 6239
1.96161112 6.64916368939121e-05 600 6240
1.96661523 6.65549285838641e-05 601 6238
1.97161934 6.65549285838641e-05 601 6238
1.97662345 6.65549285838641e-05 601 6235
1.98162756 6.65549285838641e-05 601 6237
1.98663167 6.65549285838641e-05 601 6237
1.99163578 6.65549285838641e-05 601 6236
1.99663989 6.65549285838641e-05 601 6236
2.001644 6.65549285838641e-05 601 6235
2.00664811 6.65549285838641e-05 601 6235
2.01165222 6.65549285838641e-05 601 6234
2.01665633 6.65549285838641e-05 601 6234
2.02166044 6.65549285838641e-05 601 6240
2.02666455 6.65549285838641e-05 601 6240
2.03166866 6.65549285838641e-05 601 6240
2.03667277 6.65549285838641e-05 601 6238
2.04167688 6.65549285838641e-05 601 6245
2.04668099 6.65549285838641e-05 601 6244
2.0516851 6.65549285838641e-05 601 6243
2.05668921 6.65549285838641e-05 601 6240
2.06169332 6.65549285838641e-05 601 6245
2.06669743 6.65549285838641e-05 601 6244
2.07170154 6.65549285838641e-05 601 6244
2.07670565 6.65549285838641e-05 601 6243
2.08170976 6.65549285838641e-05 601 6247
2.08671387 6.65549285838641e-05 601 6246
2.09171798 6.65549285838641e-05 601 6245
2.09672209 6.65549285838641e-05 601 6244
2.1017262 6.65549285838641e-05 601 6248
2.10673031 6.65549285838641e-05 601 6248
2.11173442 6.65549285838641e-05 601 6247
2.11673853 6.65549285838641e-05 601 6246
2.12174264 6.65549285838641e-05 601 6248
2.12674675 6.65549285838641e-05 601 6247
2.13175086 6.65549285838641e-05 601 6246
2.13675497 6.65549285838641e-05 601 6246
2.14175908 6.65549285838641e-05 601 6248
2.14676319 6.65549285838641e-05 601 6248
2.1517673 6.65549285838641e-05 601 6248
2.15677141 6.65549285838641e-05 601 6247
2.16177552 6.65549285838641e-05 601 6252
2.16677963 6.65549285838641e-05 601 6252
2.17178374 6.65549285838641e-05 601 6250
2.17678785 6.65549285838641e-05 601 6250
2.18179196 6.65549285838641e-05 601 6253
2.18679607 6.65549285838641e-05 601 6253
2.19180018 6.65549285838641e-05 601 6253
2.19680429 6.65549285838641e-05 601 6252
2.2018084 6.65549285838641e-05 601 6255
2.20681251 6.65549285838641e-05 601 6253
2.21181662 6.65549285838641e-05 601 6252
2.21682073 6.65549285838641e-05 601 6252
2.22182484 6.65549285838641e-05 601 6256
2.22682895 6.65549285838641e-05 601 6256
2.23183306 6.65549285838641e-05 601 6255
2.23683717 6.65549285838641e-05 601 6254
2.24184128 6.65549285838641e-05 601 6256
2.24684539 6.65549285838641e-05 601 6255
2.2518495 6.65549285838641e-05 601 6253
