# Fix print output for fix logmf
0.00500388 0 0 13836
0.01000776 0 0 13835
0.01501164 0 0 13832
0.02001552 0 0 14021
0.0250194 0 0 14019
0.03002328 0 0 14010
0.03502716 0 0 13998
0.04003104 0 0 14172
0.04503492 0 0 14139
0.0500388 0 0 14115
0.05504268 0 0 14103
0.06004656 0 0 14277
0.06505044 0 0 14259
0.07005432 0 0 14238
0.0750582 0 0 14224
0.08006208 0 0 14407
0.08506596 0 0 14390
0.09006984 0 0 14375
0.09507372 0 0 14356
0.1000776 0 0 14467
0.10508148 0 0 14455
0.11008536 0 0 14449
0.11508924 0 0 14441
0.12009312 0 0 14534
0.125097 0 0 14521
0.13010088 0 0 14503
0.13510476 0 0 14486
0.14010864 0 0 14612
0.14511252 0 0 14586
0.1501164 9.28837314934316e-08 2 14563
0.15512028 4.83469479522049e-07 14 14529
0.16012416 7.51910105179095e-07 22 14662
0.16512804 8.59424532111597e-07 25 14649
0.17013192 1.13964834504243e-06 33 14631
0.1751358 1.31235773104075e-06 38 14602
0.18013968 1.39218338554565e-06 41 14770
0.18514356 1.42271966613854e-06 42 14749
0.19014744 1.56077037366394e-06 46 14719
0.19515132 1.70294347906937e-06 50 14691
0.2001552 1.86386967779392e-06 55 14867
0.20515908 1.98728968988024e-06 58 14832
0.21016296 2.00604278319935e-06 59 14812
0.21516684 2.07123774226518e-06 61 14796
0.22017072 2.17875216919768e-06 64 14970
0.2251746 2.33683085975694e-06 68 14946
0.23017848 2.49363466060144e-06 73 14922
0.23518236 2.65740836749127e-06 79 14889
0.24018624 2.81833456621582e-06 84 15053
0.24519012 2.81833456621582e-06 84 15033
0.250194 2.92869650131361e-06 88 15006
0.25519788 2.97798587522561e-06 90 14980
0.26020176 3.06193392761055e-06 93 15128
0.26520564 3.22286012633509e-06 98 15105
0.27020952 3.39841702049871e-06 104 15071
0.2752134 3.62453817828908e-06 111 15047
0.28021728 3.79440005612212e-06 115 15218
0.28522116 3.98016751910898e-06 119 15199
0.29022504 4.17447750659171e-06 126 15177
0.29522892 4.29662262896328e-06 130 15141
0.3002328 4.46805712524685e-06 136 15310
0.30523668 4.49859340583975e-06 137 15285
0.31024056 4.61023023065229e-06 140 15261
0.31524444 4.64076651124518e-06 141 15225
0.32024832 4.69005588515719e-06 143 15398
0.3252522 4.72059216575008e-06 144 15361
0.33025608 4.86276527115551e-06 148 15328
0.33525996 5.03066137592539e-06 154 15292
0.34026384 5.17283448133082e-06 158 15446
