# Fix print output for fix logmf
0.00500411 0 0 3124
0.01000822 0 0 3123
0.01501233 0 0 3123
0.02001644 0 0 3178
0.02502055 0 0 3176
0.03002466 0 0 3172
0.03502877 0 0 3172
0.04003288 0 0 3226
0.04503699 0 0 3220
0.0500411 0 0 3215
0.05504521 0 0 3208
0.06004932 0 0 3262
0.06505343 0 0 3260
0.07005754 0 0 3256
0.07506165 0 0 3253
0.08006576 0 0 3307
0.08506987 0 0 3301
0.09007398 0 0 3296
0.09507809 0 0 3293
0.1000822 0 0 3343
0.10508631 0 0 3334
0.11009042 0 0 3331
0.11509453 0 0 3328
0.12009864 0 0 3352
0.12510275 0 0 3349
0.13010686 0 0 3345
0.13511097 0 0 3345
0.14011508 0 0 3372
0.14511919 0 0 3369
0.1501233 1.6635163695301e-07 2 3362
0.15512741 4.26152880849189e-07 4 3357
0.16013152 5.82894177744355e-07 5 3404
0.16513563 8.42695421640534e-07 7 3396
0.17013974 1.10249666553671e-06 9 3388
0.17514385 1.16578835548871e-06 10 3378
0.18014796 1.42558959938489e-06 12 3430
0.18515207 1.68539084328107e-06 14 3420
0.19015618 1.68539084328107e-06 14 3416
0.19516029 1.68539084328107e-06 14 3413
0.2001644 1.78845079028208e-06 15 3459
0.20516851 2.04825203417826e-06 17 3452
0.21017262 2.04825203417826e-06 17 3445
0.21517673 2.04825203417826e-06 17 3440
0.22018084 2.04825203417826e-06 17 3492
0.22518495 2.21460367113127e-06 19 3481
0.23018906 2.21460367113127e-06 19 3473
0.23519317 2.37134496802644e-06 20 3471
0.24019728 2.37134496802644e-06 20 3520
0.24520139 2.73420615892363e-06 23 3513
0.2502055 2.73420615892363e-06 23 3509
0.25520961 2.73420615892363e-06 23 3506
0.26021372 2.89094745581879e-06 24 3556
0.26521783 2.89094745581879e-06 24 3547
0.27022194 2.89094745581879e-06 24 3538
0.27522605 2.99400740281981e-06 25 3529
0.28023016 2.99400740281981e-06 25 3582
0.28523427 3.21404038966697e-06 27 3577
0.29023838 3.27733207961897e-06 28 3572
0.29524249 3.38039202661998e-06 29 3565
0.3002466 3.48345197362099e-06 30 3613
0.30525071 3.70348496046816e-06 32 3601
0.31025482 3.80654490746917e-06 33 3589
0.31525893 4.29598947827036e-06 38 3581
0.32026304 4.55579072216654e-06 40 3623
0.32526715 4.91865191306373e-06 43 3617
0.33027126 5.17845315695991e-06 45 3612
0.33527537 5.28151310396092e-06 46 3605
0.34027948 5.80111559175328e-06 50 3654
0.34528359 6.24118156544761e-06 54 3641
0.3502877 6.3677649453516e-06 56 3633
0.35529181 6.96457221594109e-06 61 3621
0.36029592 7.02786390589309e-06 62 3667
0.36530003 7.39072509679028e-06 65 3656
0.37030414 7.65052634068646e-06 67 3645
0.37530825 7.96400893447679e-06 69 3639
0.38031236 8.06706888147781e-06 70 3679
0.38531647 8.17012882847882e-06 71 3667
0.39032058 8.23342051843082e-06 72 3653
0.39532469 8.39977215538383e-06 74 3644
0.4003288 8.56612379233684e-06 76 3691
0.40533291 8.77224368633886e-06 78 3683
0.41033702 9.00188701324387e-06 81 3673
0.41534113 9.20800690724589e-06 83 3665
0.42034524 9.68784113798923e-06 87 3710
0.42534935 9.68784113798923e-06 87 3694
0.43035346 9.79090108499024e-06 88 3687
0.43535757 1.01537622758874e-05 91 3679
0.44036168 1.01537622758874e-05 91 3728
0.44536579 1.03105035727826e-05 92 3723
0.4503699 1.03105035727826e-05 92 3713
0.45537401 1.05703048166788e-05 94 3705
0.46037812 1.06733647636798e-05 95 3752
0.46538223 1.07764247106808e-05 96 3740
0.47038634 1.0996457697528e-05 98 3724
0.47539045 1.13593188884252e-05 101 3714
0.48039456 1.13593188884252e-05 101 3765
0.48539867 1.15160601853203e-05 102 3760
0.49040278 1.17360931721675e-05 104 3751
0.49540689 1.17993848621195e-05 105 3738
0.500411 1.19657364990725e-05 107 3784
0.50541511 1.19657364990725e-05 107 3773
0.51041922 1.20687964460735e-05 108 3762
0.51542333 1.24316576369707e-05 111 3754
0.52042744 1.24949493269227e-05 112 3800
0.52543155 1.28276526008287e-05 116 3785
0.53043566 1.29843938977239e-05 117 3776
0.53543977 1.31109772776279e-05 119 3764
0.54044388 1.33170971716299e-05 121 3812
0.54544799 1.34436805515339e-05 123 3806
0.5504521 1.38161520824889e-05 127 3797
0.55545621 1.40361850693361e-05 129 3793
0.56046032 1.42423049633381e-05 131 3845
0.56546443 1.43990462602333e-05 132 3836
0.57046854 1.45557875571284e-05 133 3829
0.57547265 1.45557875571284e-05 133 3827
0.58047676 1.47854308840334e-05 136 3872
0.58548087 1.47854308840334e-05 136 3864
0.59048498 1.49421721809286e-05 137 3859
0.59548909 1.50452321279296e-05 138 3854
0.6004932 1.52115837648826e-05 140 3902
0.60549731 1.52748754548346e-05 141 3895
0.61050142 1.52748754548346e-05 141 3888
0.61550553 1.5691417995626e-05 144 3877
0.62050964 1.5691417995626e-05 144 3932
0.62551375 1.58481592925211e-05 145 3927
0.63051786 1.59512192395222e-05 146 3920
0.63552197 1.60542791865232e-05 147 3911
0.64052608 1.62743121733703e-05 149 3958
0.64553019 1.65341134172665e-05 151 3952
0.6505343 1.65341134172665e-05 151 3946
0.65553841 1.70139476480098e-05 155 3934
0.66054252 1.71802992849629e-05 157 3984
0.66554663 1.73701743548188e-05 160 3973
0.67055074 1.7796327235668e-05 164 3959
0.67555485 1.81591884265652e-05 167 3951
0.68055896 1.85220496174624e-05 170 4000
0.68556307 1.90114941882636e-05 175 3991
0.69056718 1.93882684720059e-05 178 3986
0.69557129 1.97348848387571e-05 182 3978
0.7005754 1.99012364757101e-05 184 4026
0.70557951 2.02780107594524e-05 187 4014
0.71058362 2.06643953832526e-05 191 4003
0.71558773 2.11140716970048e-05 196 3992
0.72059184 2.13341046838519e-05 198 4038
0.72559595 2.13341046838519e-05 198 4032
0.73060006 2.16475872776423e-05 200 4018
0.73560417 2.20200588085973e-05 204 4010
0.74060828 2.21768001054925e-05 205 4055
0.74561239 2.24902826992828e-05 207 4046
0.7506165 2.26964025932848e-05 209 4039
0.75562061 2.285314389018e-05 210 4033
0.76062472 2.30098851870751e-05 211 4079
0.76562883 2.31666264839703e-05 212 4072
0.77063294 2.34264277278665e-05 214 4066
0.77563705 2.35294876748675e-05 215 4059
0.78064116 2.37892889187637e-05 217 4108
0.78564527 2.37892889187637e-05 217 4104
0.79064938 2.38923488657647e-05 218 4096
0.79565349 2.40984687597667e-05 220 4084
0.8006576 2.43045886537687e-05 222 4132
0.80566171 2.44311720336727e-05 224 4126
0.81066582 2.47940332245699e-05 227 4118
0.81566993 2.53769274023143e-05 232 4104
0.82067404 2.58567616330576e-05 236 4149
0.82567815 2.60231132700106e-05 238 4139
0.83068226 2.67229804876011e-05 244 4125
0.83568637 2.71395230283925e-05 247 4112
0.84069048 2.74861393951436e-05 251 4153
0.84569459 2.80153522229938e-05 256 4143
0.8506987 2.8401736846794e-05 260 4130
0.85570281 2.87881214705942e-05 264 4123
0.86070692 2.95138438523885e-05 270 4165
0.86571103 2.98767050432857e-05 273 4156
0.87071514 3.04155282111938e-05 279 4142
0.87571925 3.0778389402091e-05 282 4131
0.88072336 3.0944741039044e-05 284 4178
0.88572747 3.12280657158432e-05 287 4167
0.89073158 3.15445241656032e-05 292 4150
0.89573569 3.17645571524503e-05 294 4142
0.9007398 3.25535712241967e-05 301 4182
0.90574391 3.26168629141487e-05 302 4178
0.91074802 3.34101797386824e-05 308 4168
0.91575213 3.35765313756354e-05 310 4159
0.92075624 3.38857112166385e-05 313 4203
0.92576035 3.47724776481153e-05 319 4195
0.93076446 3.49785975421173e-05 321 4185
0.93576857 3.53414587330145e-05 324 4173
0.94077268 3.57580012738059e-05 327 4224
0.94577679 3.58610612208069e-05 328 4218
0.9507809 3.59243529107589e-05 329 4215
0.95578501 3.60509362906629e-05 331 4209
0.96078912 3.65705387784553e-05 335 4259
0.96579323 3.70901412662476e-05 339 4250
0.97079734 3.71932012132486e-05 340 4241
0.97580145 3.74530024571448e-05 342 4232
0.98080556 3.75162941470968e-05 343 4280
0.98580967 3.7736327133944e-05 345 4271
0.99081378 3.81528696747353e-05 348 4265
0.99581789 3.84663522685257e-05 350 4255
1.000822 3.88292134594229e-05 353 4301
1.00582611 3.95290806770134e-05 359 4290
1.01083022 3.97587240039184e-05 362 4278
1.01583433 4.01547189677764e-05 367 4263
1.02083844 4.05175801586736e-05 370 4312
1.02584255 4.07869917426276e-05 373 4304
1.03084666 4.10703164194268e-05 376 4297
1.03585077 4.1353641096226e-05 379 4284
1.04085488 4.1726112627181e-05 383 4323
1.04585899 4.1726112627181e-05 383 4313
1.0508631 4.24120667519264e-05 389 4291
1.05586721 4.26417100788314e-05 392 4282
1.06087132 4.30045712697286e-05 395 4327
1.06587543 4.33180538635189e-05 397 4312
1.07087954 4.3587465447473e-05 400 4302
1.07588365 4.40769100182742e-05 405 4293
1.08088776 4.42336513151693e-05 406 4344
1.08589187 4.44632946420743e-05 409 4333
1.09089598 4.48798371828657e-05 412 4322
1.09590009 4.48798371828657e-05 412 4316
1.1009042 4.5296379723657e-05 415 4364
1.10590831 4.56688512546121e-05 419 4353
1.11091242 4.60810910426161e-05 423 4344
1.11591653 4.61443827325681e-05 424 4337
1.12092064 4.64674756664163e-05 427 4377
1.12592475 4.65705356134173e-05 428 4364
1.13092886 4.66338273033693e-05 429 4358
1.13593297 4.68399471973713e-05 431 4351
1.14093708 4.70997484412675e-05 433 4399
1.14594119 4.73058683352696e-05 435 4390
1.1509453 4.74626096321647e-05 436 4382
1.15594941 4.77320212161187e-05 439 4370
1.16095352 4.78350811631198e-05 440 4416
1.16595763 4.81184058399189e-05 443 4404
1.17096174 4.8490877370874e-05 447 4397
1.17596585 4.8657229007827e-05 449 4387
1.18096996 4.89803219416752e-05 452 4432
1.18597407 4.94999244294675e-05 456 4422
1.19097818 4.97199574163147e-05 458 4416
1.19598229 5.0199791647058e-05 462 4405
1.2009864 5.04831163238572e-05 465 4456
1.20599051 5.07525279078112e-05 468 4452
1.21099462 5.12817407356614e-05 473 4442
1.21599873 5.1855024573348e-05 477 4433
1.22100284 5.21148258172441e-05 479 4485
1.22600695 5.21781175071961e-05 480 4477
1.23101106 5.23444691441492e-05 482 4468
1.23601517 5.26771724180552e-05 486 4457
1.24101928 5.31268487318074e-05 491 4503
1.24602339 5.37097429095517e-05 496 4495
1.2510275 5.40726041004489e-05 499 4488
1.25603161 5.41358957904009e-05 500 4485
1.26103572 5.44493783841913e-05 502 4535
1.26603983 5.50322725619356e-05 507 4526
1.27104394 5.55217171327368e-05 512 4517
1.27604805 5.60648430534322e-05 517 4506
1.28105216 5.66669579112922e-05 524 4548
1.28605627 5.70394294422473e-05 528 4537
1.29106038 5.76084105271465e-05 533 4528
1.29606449 5.78778221111005e-05 536 4518
1.3010686 5.83039749919497e-05 540 4559
1.30607271 5.89640739524912e-05 546 4549
1.31107682 5.94137502662434e-05 551 4536
1.31608093 5.97464535401494e-05 555 4526
1.32108504 6.02358981109506e-05 560 4575
1.32608915 6.09122418956381e-05 565 4564
1.33109326 6.14649781563913e-05 571 4549
1.33609737 6.19845806441837e-05 575 4538
1.34110148 6.22142239710887e-05 578 4587
1.34610559 6.24342569579358e-05 580 4579
1.3511097 6.29097884358919e-05 585 4568
1.35611381 6.31159083298939e-05 587 4561
1.36111792 6.37481811047451e-05 593 4606
1.36612203 6.39778244316501e-05 596 4601
1.37112614 6.47035468134445e-05 602 4591
1.37613025 6.5482950545133e-05 608 4577
1.38113436 6.5712593872038e-05 611 4628
1.38613847 6.60356868058862e-05 614 4623
1.39114258 6.65016079437844e-05 618 4613
1.39614669 6.71875620685298e-05 624 4597
1.4011508 6.71875620685298e-05 624 4647
1.40615491 6.7613714949379e-05 628 4637
1.41115902 6.84564103710195e-05 635 4626
1.41616313 6.89856231988697e-05 640 4618
1.42116724 6.97156483334514e-05 645 4661
1.42617135 7.02846294183506e-05 650 4646
1.43117546 7.09543387189499e-05 657 4635
1.43617957 7.15233198038492e-05 662 4620
1.44118368 7.18162548207062e-05 666 4664
1.44618779 7.21254346617092e-05 669 4653
1.4511919 7.27716205294055e-05 675 4640
1.45619601 7.33545147071499e-05 680 4625
1.46120012 7.40500791719531e-05 687 4669
1.46620423 7.44666217127445e-05 690 4656
1.47120834 7.48626166766025e-05 695 4643
1.47621245 7.50524917464584e-05 698 4633
1.48121656 7.53358164232576e-05 701 4680
1.48622067 7.60754518978971e-05 707 4663
1.49122478 7.64618365216973e-05 711 4655
1.49622889 7.71381803063848e-05 716 4644
1.501233 7.75149545901271e-05 719 4685
1.50623711 7.78778157810243e-05 722 4674
1.51124122 7.82545900647667e-05 725 4658
1.51624533 7.85776829986148e-05 728 4650
1.52124944 7.94740597701495e-05 735 4694
1.52625355 7.95771197171506e-05 736 4688
1.53125766 8.00967222049429e-05 740 4679
1.53626177 8.04831068287431e-05 744 4668
1.54126588 8.07031398155902e-05 746 4714
1.54626999 8.09960748324472e-05 750 4704
1.5512741 8.15156773202396e-05 754 4691
1.55627821 8.16187372672406e-05 755 4685
1.56128232 8.2264923134937e-05 761 4727
1.56628643 8.257410297594e-05 764 4722
1.57129054 8.30443268666255e-05 767 4716
1.57629465 8.32504467606275e-05 769 4710
1.58129876 8.37398913314287e-05 774 4755
1.58630287 8.39062429683817e-05 776 4750
1.59130698 8.43817744463378e-05 781 4738
1.59631109 8.47048673801859e-05 784 4733
1.6013152 8.49345107070909e-05 787 4783
1.60631931 8.51943119509871e-05 789 4774
1.61132342 8.52576036409391e-05 790 4767
1.61632753 8.59876287755208e-05 795 4756
1.62133164 8.60906887225218e-05 796 4803
1.62633575 8.61539804124738e-05 797 4797
1.63133986 8.63203320494268e-05 799 4790
1.63634397 8.67905559401123e-05 802 4784
1.64134808 8.68936158871133e-05 803 4833
1.64635219 8.72564770780105e-05 806 4827
1.6513563 8.74765100648577e-05 808 4820
1.65636041 8.7789992658648e-05 810 4812
1.66136452 8.79467339555432e-05 811 4858
1.66636863 8.81528538495452e-05 813 4848
1.67137274 8.83589737435472e-05 815 4841
1.67637685 8.84620336905483e-05 816 4832
1.68138096 8.87314452745023e-05 819 4882
1.68638507 8.89610886014073e-05 822 4874
1.69138918 8.93378628851496e-05 825 4857
1.69639329 8.97146371688919e-05 828 4849
1.7013974 8.98412205487959e-05 830 4898
1.70640151 9.01106321327499e-05 833 4892
1.71140562 9.01739238227019e-05 834 4883
1.71640973 9.04337250665981e-05 836 4878
1.72141384 9.06633683935031e-05 839 4927
1.72641795 9.07664283405041e-05 840 4921
1.73142206 9.09864613273513e-05 842 4910
1.73642617 9.13728459511515e-05 846 4903
1.74143028 9.18924484389438e-05 850 4948
1.74643439 9.18924484389438e-05 850 4944
1.7514385 9.19557401288958e-05 851 4940
1.75644261 9.23722826696872e-05 854 4929
1.76144672 9.31516864013757e-05 860 4976
1.76645083 9.33813297282807e-05 863 4966
1.77145494 9.37044226621289e-05 866 4960
1.77645905 9.41305755429781e-05 870 4947
1.78146316 9.46833118037312e-05 876 4994
1.78646727 9.48400531006264e-05 877 4984
1.79147138 9.56386775124306e-05 885 4966
1.79647549 9.63150212971182e-05 890 4959
1.8014796 9.64717625940133e-05 891 5005
1.80648371 9.71136457089224e-05 898 4996
1.81148782 9.74463489828284e-05 902 4987
1.81649193 9.76663819696756e-05 904 4981
1.82149604 9.78231232665707e-05 905 5031
1.82650015 9.83427257543631e-05 909 5021
1.83150426 9.86121373383171e-05 912 5014
1.83650837 9.90286798791085e-05 915 5006
1.84151248 9.93915410700057e-05 918 5037
1.84651659 0.000100061250370605 925 5027
1.8515207 0.000100267370264607 927 5015
1.85652481 0.000100770727928253 932 5009
1.86152892 0.000100897311308157 934 5042
1.86653303 0.000101000371255158 935 5039
1.87153714 0.000101363232446056 938 5025
1.87654125 0.000101676715039846 940 5019
1.88154536 0.000101990197633636 942 5043
1.88654947 0.000102303680227427 944 5037
1.89155358 0.000102563481471323 946 5031
1.89655769 0.000102563481471323 946 5026
1.9015618 0.000102666541418324 947 5050
1.90656591 0.000102666541418324 947 5041
1.91157002 0.000102823282715219 948 5034
1.91657413 0.000102949866095123 950 5021
1.92157824 0.000103469468582915 954 5035
1.92658235 0.00010362620987981 955 5024
1.93158646 0.000103782951176706 956 5013
1.93659057 0.000104012594503611 959 5003
1.94159468 0.000104335687437459 962 5027
1.94659879 0.000104492428734354 963 5022
1.9516029 0.000104492428734354 963 5015
1.95660701 0.000104492428734354 963 5012
1.96161112 0.000104855289925251 966 5028
1.96661523 0.000104855289925251 966 5021
1.97161934 0.000105021641562204 968 5014
1.97662345 0.000105021641562204 968 5009
1.98162756 0.000105178382859099 969 5027
1.98663167 0.0001052814428061 970 5021
1.99163578 0.0001052814428061 970 5013
1.99663989 0.0001052814428061 970 5008
2.001644 0.0001052814428061 970 5024
2.00664811 0.0001052814428061 970 5014
2.01165222 0.000105438184102995 971 5008
2.01665633 0.000105438184102995 971 5005
2.02166044 0.000105594925399891 972 5015
2.02666455 0.000105814958386738 974 5012
2.03166866 0.000105814958386738 974 5007
2.03667277 0.000105971699683633 975 5001
2.04167688 0.000105971699683633 975 5017
2.04668099 0.000106231500927529 977 5010
2.0516851 0.000106231500927529 977 5005
2.05668921 0.000106388242224424 978 4999
2.06169332 0.000106451533914376 979 5008
2.06669743 0.000106451533914376 979 5003
2.07170154 0.000106451533914376 979 4998
2.07670565 0.000106711335158272 981 4990
2.08170976 0.000106711335158272 981 5013
2.08671387 0.000106711335158272 981 5005
2.09171798 0.000106711335158272 981 5003
2.09672209 0.000106868076455168 982 4998
2.1017262 0.000106868076455168 982 5015
2.10673031 0.000106868076455168 982 5012
2.11173442 0.000106868076455168 982 5009
2.11673853 0.00010693136814512 983 5002
2.12174264 0.00010693136814512 983 5011
2.12674675 0.00010693136814512 983 5007
2.13175086 0.00010693136814512 983 5003
2.13675497 0.00010693136814512 983 4997
2.14175908 0.00010693136814512 983 5010
2.14676319 0.00010693136814512 983 5005
2.1517673 0.00010693136814512 983 5002
2.15677141 0.00010693136814512 983 4996
2.16177552 0.00010693136814512 983 5007
2.16677963 0.00010693136814512 983 5000
2.17178374 0.00010693136814512 983 4997
2.17678785 0.000106994659835072 984 4992
2.18179196 0.000106994659835072 984 5009
2.18679607 0.000106994659835072 984 5006
2.19180018 0.000107057951525024 985 5003
2.19680429 0.000107057951525024 985 4999
2.2018084 0.000107057951525024 985 5006
2.20681251 0.000107057951525024 985 5004
2.21181662 0.000107057951525024 985 4998
2.21682073 0.000107057951525024 985 4997
2.22182484 0.000107214692821919 986 5003
2.22682895 0.000107371434118814 987 4997
2.23183306 0.000107371434118814 987 4992
2.23683717 0.000107371434118814 987 4989
2.24184128 0.000107371434118814 987 5000
2.24684539 0.000107528175415709 988 4998
2.2518495 0.000107528175415709 988 4998
