# Fix print output for fix logmf
0.00500411 0 0 3935
0.01000822 0 0 3935
0.01501233 0 0 3935
0.02001644 0 0 3989
0.02502055 0 0 3988
0.03002466 0 0 3985
0.03502877 0 0 3982
0.04003288 0 0 4034
0.04503699 0 0 4026
0.0500411 0 0 4017
0.05504521 0 0 4010
0.06004932 0 0 4058
0.06505343 0 0 4054
0.07005754 0 0 4050
0.07506165 0 0 4049
0.08006576 0 0 4084
0.08506987 0 0 4084
0.09007398 0 0 4080
0.09507809 0 0 4075
0.1000822 0 0 4106
0.10508631 0 0 4098
0.11009042 0 0 4093
0.11509453 0 0 4089
0.12009864 0 0 4115
0.12510275 0 0 4113
0.13010686 0 0 4108
0.13511097 0 0 4105
0.14011508 0 0 4139
0.14511919 0 0 4136
0.1501233 1.56741296895166e-07 1 4132
0.15512741 5.73283837686511e-07 4 4124
0.16013152 5.73283837686511e-07 4 4175
0.16513563 7.30025134581676e-07 5 4169
0.17013974 7.93316824533674e-07 6 4161
0.17514385 8.96376771534687e-07 7 4155
0.18014796 1.26884830248972e-06 11 4191
0.18515207 1.26884830248972e-06 11 4185
0.19015618 1.64562258623205e-06 14 4176
0.19516029 1.90542383012823e-06 16 4168
0.2001644 2.00848377712924e-06 17 4214
0.20516851 2.00848377712924e-06 17 4209
0.21017262 2.17483541408225e-06 19 4202
0.21517673 2.27789536108327e-06 20 4191
0.22018084 2.53769660497945e-06 22 4236
0.22518495 2.69443790187461e-06 23 4227
0.23018906 3.11098044266596e-06 26 4219
0.23519317 3.11098044266596e-06 26 4214
0.24019728 3.39430511946512e-06 29 4261
0.24520139 3.39430511946512e-06 29 4258
0.2502055 3.52088849936911e-06 31 4250
0.25520961 3.72700839337114e-06 33 4243
0.26021372 3.72700839337114e-06 33 4295
0.26521783 4.05010132721932e-06 36 4285
0.27022194 4.31951291117334e-06 39 4272
0.27522605 4.57931415506952e-06 41 4267
0.28023016 4.64260584502152e-06 42 4315
0.28523427 4.64260584502152e-06 42 4300
0.29023838 4.84872573902354e-06 44 4294
0.29524249 5.34778064988257e-06 50 4281
0.3002466 5.47436402978657e-06 52 4331
0.30525071 5.6804839237886e-06 54 4326
0.31025482 5.74377561374059e-06 55 4320
0.31525893 6.06686854758877e-06 58 4311
0.32026304 6.06686854758877e-06 58 4364
0.32526715 6.06686854758877e-06 58 4361
0.33027126 6.22360984448394e-06 59 4354
0.33527537 6.53709243827427e-06 61 4348
0.34027948 6.69383373516943e-06 62 4400
0.34528359 6.89995362917146e-06 64 4392
0.3502877 7.00301357617247e-06 65 4384
0.35529181 7.36587476706967e-06 68 4373
0.36029592 7.67505460807271e-06 71 4414
0.36530003 8.0379157989699e-06 74 4405
0.37030414 8.20426743592291e-06 76 4394
0.37530825 8.2675591258749e-06 77 4389
0.38031236 8.48759211272207e-06 79 4434
0.38531647 8.59065205972308e-06 80 4421
0.39032058 8.85045330361926e-06 82 4414
0.39532469 8.85045330361926e-06 82 4405
0.4003288 9.01680494057227e-06 84 4457
0.40533291 9.17354623746743e-06 85 4445
0.41033702 9.39357922431459e-06 87 4433
0.41534113 9.70706181810492e-06 89 4425
0.42034524 9.77035350805692e-06 90 4477
0.42534935 9.93670514500993e-06 92 4465
0.43035346 1.01567381318571e-05 94 4455
0.43535757 1.06859509597073e-05 99 4440
0.44036168 1.08426922566025e-05 100 4490
0.44536579 1.09457522036035e-05 101 4483
0.4503699 1.11121038405565e-05 103 4473
0.45537401 1.12688451374516e-05 104 4467
0.46037812 1.15919380712998e-05 107 4514
0.46538223 1.17185214512038e-05 109 4500
0.47038634 1.17185214512038e-05 109 4491
0.47539045 1.19246413452058e-05 111 4486
0.48039456 1.19246413452058e-05 111 4528
0.48539867 1.19879330351578e-05 112 4519
0.49040278 1.2144674332053e-05 113 4510
0.49540689 1.2247734279054e-05 114 4501
0.500411 1.24044755759492e-05 115 4549
0.50541511 1.24677672659012e-05 116 4535
0.51041922 1.26878002527483e-05 118 4519
0.51542333 1.29078332395955e-05 120 4507
0.52042744 1.3378057130281e-05 123 4552
0.52543155 1.36378583741772e-05 125 4544
0.53043566 1.37409183211782e-05 126 4535
0.53543977 1.40544009149685e-05 128 4525
0.54044388 1.42111422118637e-05 129 4572
0.54544799 1.43142021588647e-05 130 4563
0.5504521 1.47403550397139e-05 134 4553
0.55545621 1.4960388026561e-05 136 4540
0.56046032 1.52201892704572e-05 138 4586
0.56546443 1.52834809604092e-05 139 4574
0.57046854 1.54402222573044e-05 140 4565
0.57547265 1.55432822043054e-05 141 4560
0.58047676 1.59061433952026e-05 144 4607
0.58548087 1.61755549791566e-05 147 4601
0.59048498 1.61755549791566e-05 147 4593
0.59548909 1.62388466691086e-05 148 4584
0.6004932 1.65082582530626e-05 151 4626
0.60549731 1.65082582530626e-05 151 4621
0.61050142 1.66746098900156e-05 153 4614
0.61550553 1.68313511869108e-05 154 4602
0.62050964 1.71007627708648e-05 157 4649
0.62551375 1.71007627708648e-05 157 4644
0.63051786 1.72038227178658e-05 158 4636
0.63552197 1.73068826648668e-05 159 4628
0.64052608 1.76203652586572e-05 161 4672
0.64553019 1.76203652586572e-05 161 4665
0.6505343 1.78500085855622e-05 164 4655
0.65553841 1.78500085855622e-05 164 4647
0.66054252 1.82761614664114e-05 168 4692
0.66554663 1.85359627103076e-05 170 4685
0.67055074 1.87957639542037e-05 172 4676
0.67555485 1.87957639542037e-05 172 4667
0.68055896 1.88590556441557e-05 173 4712
0.68556307 1.90651755381578e-05 175 4703
0.69056718 1.93786581319481e-05 177 4694
0.69557129 1.98584923626914e-05 181 4682
0.7005754 2.01182936065876e-05 183 4729
0.70557951 2.06614195272829e-05 188 4720
0.71058362 2.07644794742839e-05 189 4706
0.71558773 2.0867539421285e-05 190 4699
0.72059184 2.12840819620763e-05 193 4743
0.72559595 2.14106653419803e-05 195 4732
0.73060006 2.17970499657805e-05 199 4717
0.73560417 2.22232028466297e-05 203 4703
0.74060828 2.24830040905258e-05 205 4750
0.74561239 2.31056665253192e-05 210 4731
0.7506165 2.33256995121664e-05 212 4721
0.75562061 2.36981710431214e-05 216 4710
0.76062472 2.40116536369117e-05 218 4754
0.76562883 2.41780052738647e-05 220 4735
0.77063294 2.46041581547139e-05 224 4723
0.77563705 2.4810278048716e-05 226 4713
0.78064116 2.4913337995717e-05 227 4764
0.78564527 2.50700792926121e-05 228 4754
0.79064938 2.58494830243007e-05 234 4737
0.79565349 2.61725759581488e-05 237 4724
0.8006576 2.64022192850538e-05 240 4769
0.80566171 2.66083391790559e-05 242 4759
0.81066582 2.6765080475951e-05 243 4749
0.81566993 2.72846829637434e-05 247 4740
0.82067404 2.73877429107444e-05 248 4787
0.82567815 2.74510346006964e-05 249 4775
0.83068226 2.78675771414877e-05 252 4762
0.83568637 2.79706370884888e-05 253 4753
0.84069048 2.79706370884888e-05 253 4804
0.84569459 2.80339287784408e-05 254 4792
0.8506987 2.80972204683928e-05 255 4786
0.85570281 2.83570217122889e-05 257 4776
0.86070692 2.83570217122889e-05 257 4824
0.86571103 2.85233733492419e-05 259 4807
0.87071514 2.85866650391939e-05 260 4792
0.87571925 2.85866650391939e-05 260 4783
0.88072336 2.87434063360891e-05 261 4830
0.88572747 2.89634393229363e-05 263 4821
0.89073158 2.91834723097834e-05 265 4809
0.89573569 2.92865322567844e-05 266 4799
0.9007398 2.92865322567844e-05 266 4849
0.90574391 2.96096251906326e-05 269 4838
0.91074802 2.96096251906326e-05 269 4826
0.91575213 2.97362085705366e-05 271 4817
0.92075624 2.97995002604886e-05 272 4863
0.92576035 2.99025602074896e-05 273 4849
0.93076446 3.00593015043848e-05 274 4836
0.93576857 3.04758440451761e-05 277 4821
0.94077268 3.04758440451761e-05 277 4871
0.94577679 3.09556782759195e-05 281 4855
0.9507809 3.15783407107128e-05 286 4834
0.95578501 3.1964725334513e-05 290 4825
0.96078912 3.26248242950545e-05 296 4870
0.96579323 3.31046585257979e-05 300 4863
0.97079734 3.32710101627509e-05 302 4849
0.97580145 3.35404217467049e-05 305 4835
0.98080556 3.38002229906011e-05 307 4879
0.98580967 3.41233159244493e-05 310 4869
0.99081378 3.44464088582975e-05 313 4854
0.99581789 3.47062101021936e-05 315 4839
1.000822 3.5019692695984e-05 317 4881
1.00582611 3.53427856298322e-05 320 4869
1.01083022 3.57152571607872e-05 324 4854
1.01583433 3.57152571607872e-05 324 4845
1.02083844 3.58719984576824e-05 325 4892
1.02584255 3.61414100416364e-05 328 4880
1.03084666 3.62981513385316e-05 329 4868
1.03585077 3.65579525824277e-05 331 4856
1.04085488 3.67779855692749e-05 333 4901
1.04585899 3.68810455162759e-05 334 4891
1.0508631 3.74241714369713e-05 339 4881
1.05586721 3.75905230739243e-05 341 4869
1.06087132 3.76538147638763e-05 342 4919
1.06587543 3.81336489946196e-05 346 4903
1.07087954 3.844713158841e-05 348 4884
1.07588365 3.86038728853052e-05 349 4872
1.08088776 3.90933174561063e-05 354 4919
1.08589187 3.92500587530015e-05 355 4911
1.09089598 3.94561786470035e-05 357 4899
1.09590009 3.94561786470035e-05 357 4888
1.1009042 3.96622985410056e-05 359 4932
1.10590831 3.97653584880066e-05 360 4921
1.11091242 3.99220997849017e-05 361 4911
1.11591653 4.02451927187499e-05 364 4902
1.12092064 4.03482526657509e-05 365 4946
1.12592475 4.0760492453755e-05 369 4933
1.13092886 4.10202936976512e-05 371 4921
1.13593297 4.11770349945463e-05 372 4906
1.14093708 4.12800949415474e-05 373 4954
1.14594119 4.15398961854435e-05 375 4942
1.1509453 4.19166704691859e-05 378 4932
1.15594941 4.20197304161869e-05 379 4922
1.16095352 4.20830221061389e-05 380 4959
1.16595763 4.24597963898812e-05 383 4947
1.17096174 4.24597963898812e-05 383 4937
1.17596585 4.30963719175197e-05 388 4925
1.18096996 4.32531132144149e-05 389 4972
1.18597407 4.32531132144149e-05 389 4964
1.19097818 4.32531132144149e-05 389 4954
1.19598229 4.34592331084169e-05 391 4946
1.2009864 4.38360073921593e-05 394 4993
1.20599051 4.43556098799516e-05 398 4981
1.21099462 4.45219615169046e-05 400 4971
1.21599873 4.47817627608008e-05 402 4960
1.22100284 4.47817627608008e-05 402 5009
1.22600695 4.53248886814962e-05 407 5001
1.23101106 4.53248886814962e-05 407 4995
1.23601517 4.57112733052964e-05 411 4984
1.24101928 4.58680146021915e-05 412 5029
1.24602339 4.60741344961936e-05 414 5021
1.2510275 4.61374261861456e-05 415 5015
1.25603161 4.62404861331466e-05 416 5001
1.26103572 4.62404861331466e-05 416 5052
1.26603983 4.62404861331466e-05 416 5047
1.27104394 4.62404861331466e-05 416 5036
1.27604805 4.63037778230986e-05 417 5028
1.28105216 4.63670695130506e-05 418 5072
1.28605627 4.64303612030026e-05 419 5064
1.29106038 4.65871024998977e-05 420 5054
1.29606449 4.68469037437939e-05 422 5046
1.3010686 4.69499636907949e-05 423 5094
1.30607271 4.70132553807469e-05 424 5090
1.31107682 4.70132553807469e-05 424 5083
1.31608093 4.7219375274749e-05 426 5072
1.32108504 4.75328578685393e-05 428 5118
1.32608915 4.79494004093306e-05 431 5106
1.33109326 4.84153215472288e-05 435 5093
1.33609737 4.84786132371808e-05 436 5084
1.34110148 4.88553875209232e-05 439 5132
1.34610559 4.88553875209232e-05 439 5115
1.3511097 4.91247991048772e-05 442 5109
1.35611381 4.92815404017724e-05 443 5100
1.36111792 4.94382816986675e-05 444 5144
1.36612203 4.96980829425637e-05 446 5134
1.37112614 5.02412088632591e-05 451 5117
1.37613025 5.06577514040504e-05 454 5108
1.38113436 5.06577514040504e-05 454 5153
1.38613847 5.09271629880045e-05 457 5137
1.39114258 5.09271629880045e-05 457 5126
1.39614669 5.10302229350055e-05 458 5114
1.4011508 5.11965745719585e-05 460 5161
1.40615491 5.13533158688537e-05 461 5146
1.41115902 5.16764088027018e-05 464 5135
1.41616313 5.16764088027018e-05 464 5126
1.42116724 5.17794687497028e-05 465 5171
1.42617135 5.18825286967039e-05 466 5159
1.43117546 5.2102561683551e-05 468 5152
1.43617957 5.2102561683551e-05 468 5144
1.44118368 5.25823959142944e-05 472 5190
1.44618779 5.28421971581906e-05 474 5184
1.4511919 5.31652900920387e-05 477 5171
1.45619601 5.34486147688379e-05 480 5156
1.46120012 5.36053560657331e-05 481 5207
1.46620423 5.36053560657331e-05 481 5203
1.47120834 5.41786399034196e-05 485 5187
1.47621245 5.41786399034196e-05 485 5178
1.48121656 5.41786399034196e-05 485 5227
1.48622067 5.41786399034196e-05 485 5215
1.49122478 5.46445610413178e-05 489 5204
1.49622889 5.46445610413178e-05 489 5193
1.501233 5.46445610413178e-05 489 5232
1.50623711 5.50213353250601e-05 492 5219
1.51124122 5.53348179188505e-05 494 5209
1.51624533 5.56579108526987e-05 497 5196
1.52124944 5.58779438395458e-05 499 5235
1.52625355 5.6137745083442e-05 501 5222
1.53125766 5.65145193671843e-05 504 5210
1.53626177 5.68236992081874e-05 507 5200
1.54126588 5.68236992081874e-05 507 5246
1.54626999 5.70835004520836e-05 509 5233
1.5512741 5.75590319300396e-05 514 5218
1.55627821 5.78423566068388e-05 517 5210
1.56128232 5.78423566068388e-05 517 5256
1.56628643 5.81117681907928e-05 520 5244
1.57129054 5.8434861124641e-05 523 5231
1.57629465 5.87977223155382e-05 526 5219
1.58129876 5.89640739524912e-05 528 5266
1.58630287 5.91208152493864e-05 529 5256
1.59130698 5.94342978431767e-05 531 5247
1.59631109 5.95608812230807e-05 533 5236
1.6013152 5.96639411700817e-05 534 5285
1.60631931 5.99333527540357e-05 537 5272
1.61132342 6.01533857408829e-05 539 5265
1.61632753 6.06193068787811e-05 543 5255
1.62133164 6.06193068787811e-05 543 5306
1.62633575 6.12022010565255e-05 548 5293
1.63133986 6.16777325344815e-05 553 5280
1.63634397 6.18344738313767e-05 554 5271
1.64134808 6.18344738313767e-05 554 5320
1.64635219 6.19912151282719e-05 555 5311
1.6513563 6.24614390189574e-05 558 5301
1.65636041 6.26277906559104e-05 560 5292
1.66136452 6.28478236427575e-05 562 5343
1.66636863 6.29508835897585e-05 563 5329
1.67137274 6.31076248866537e-05 564 5321
1.67637685 6.33674261305499e-05 566 5314
1.68138096 6.35970694574549e-05 569 5353
1.68638507 6.39599306483521e-05 572 5342
1.69138918 6.39599306483521e-05 572 5328
1.69639329 6.41262822853051e-05 574 5319
1.7013974 6.43860835292013e-05 576 5365
1.70640151 6.46554951131553e-05 579 5355
1.71140562 6.48122364100505e-05 580 5344
1.71640973 6.49388197899544e-05 582 5337
1.72141384 6.54819457106498e-05 587 5385
1.72641795 6.5638687007545e-05 588 5380
1.73142206 6.6320338379503e-05 595 5368
1.73642617 6.6486690016456e-05 597 5351
1.74143028 6.6653041653409e-05 599 5396
1.74643439 6.70298159371514e-05 602 5382
1.7514385 6.70298159371514e-05 602 5372
1.75644261 6.73529088709995e-05 605 5358
1.76144672 6.75096501678947e-05 606 5403
1.76645083 6.76663914647899e-05 607 5387
1.77145494 6.7823132761685e-05 608 5376
1.77645905 6.80431657485322e-05 610 5366
1.78146316 6.80431657485322e-05 610 5420
1.78646727 6.83662586823804e-05 613 5409
1.79147138 6.87828012231717e-05 616 5400
1.79647549 6.88460929131237e-05 617 5389
1.8014796 6.92626354539151e-05 620 5412
1.80648371 6.93656954009161e-05 621 5399
1.81148782 6.95320470378691e-05 623 5390
1.81649193 6.96983986748221e-05 625 5381
1.82149604 6.99184316616693e-05 627 5399
1.82650015 7.00214916086703e-05 628 5391
1.83150426 7.01480749885743e-05 630 5381
1.83650837 7.01480749885743e-05 630 5375
1.84151248 7.03048162854694e-05 631 5396
1.84651659 7.04615575823646e-05 632 5391
1.8515207 7.04615575823646e-05 632 5383
1.85652481 7.08781001231559e-05 635 5378
1.86152892 7.08781001231559e-05 635 5389
1.86653303 7.09413918131079e-05 636 5384
1.87153714 7.1044451760109e-05 637 5377
1.87654125 7.12011930570041e-05 638 5371
1.88154536 7.12011930570041e-05 638 5393
1.88654947 7.12011930570041e-05 638 5386
1.89155358 7.13042530040051e-05 639 5380
1.89655769 7.13042530040051e-05 639 5373
1.9015618 7.14073129510061e-05 640 5377
1.90656591 7.14073129510061e-05 640 5371
1.91157002 7.14706046409581e-05 641 5365
1.91657413 7.16273459378533e-05 642 5360
1.92157824 7.16906376278053e-05 643 5369
1.92658235 7.16906376278053e-05 643 5367
1.93158646 7.18967575218073e-05 645 5362
1.93659057 7.18967575218073e-05 645 5358
1.94159468 7.21565587657035e-05 647 5373
1.94659879 7.21565587657035e-05 647 5367
1.9516029 7.21565587657035e-05 647 5365
1.95660701 7.24398834425027e-05 650 5357
1.96161112 7.25429433895037e-05 651 5363
1.96661523 7.26996846863988e-05 652 5356
1.97161934 7.26996846863988e-05 652 5347
1.97662345 7.26996846863988e-05 652 5344
1.98162756 7.26996846863988e-05 652 5355
1.98663167 7.26996846863988e-05 652 5352
1.99163578 7.26996846863988e-05 652 5347
1.99663989 7.27629763763508e-05 653 5344
2.001644 7.27629763763508e-05 653 5356
2.00664811 7.27629763763508e-05 653 5349
2.01165222 7.27629763763508e-05 653 5342
2.01665633 7.2919717673246e-05 654 5340
2.02166044 7.2983009363198e-05 655 5352
2.02666455 7.31397506600932e-05 656 5347
2.03166866 7.31397506600932e-05 656 5341
2.03667277 7.31397506600932e-05 656 5336
2.04167688 7.31397506600932e-05 656 5344
2.04668099 7.32428106070942e-05 657 5337
2.0516851 7.32428106070942e-05 657 5331
2.05668921 7.32428106070942e-05 657 5324
2.06169332 7.32428106070942e-05 657 5341
2.06669743 7.32428106070942e-05 657 5336
2.07170154 7.33061022970462e-05 658 5331
2.07670565 7.33061022970462e-05 658 5328
2.08170976 7.33061022970462e-05 658 5335
2.08671387 7.33061022970462e-05 658 5329
2.09171798 7.33061022970462e-05 658 5327
2.09672209 7.33061022970462e-05 658 5325
2.1017262 7.33061022970462e-05 658 5345
2.10673031 7.33061022970462e-05 658 5342
2.11173442 7.33061022970462e-05 658 5339
2.11673853 7.33061022970462e-05 658 5335
2.12174264 7.33061022970462e-05 658 5347
2.12674675 7.33061022970462e-05 658 5343
2.13175086 7.33061022970462e-05 658 5338
2.13675497 7.33061022970462e-05 658 5334
2.14175908 7.33061022970462e-05 658 5343
2.14676319 7.33061022970462e-05 658 5339
2.1517673 7.33061022970462e-05 658 5336
2.15677141 7.33061022970462e-05 658 5333
2.16177552 7.33061022970462e-05 658 5345
2.16677963 7.33061022970462e-05 658 5345
2.17178374 7.33061022970462e-05 658 5341
2.17678785 7.33061022970462e-05 658 5337
2.18179196 7.33061022970462e-05 658 5344
2.18679607 7.33061022970462e-05 658 5338
2.19180018 7.33061022970462e-05 658 5335
2.19680429 7.33061022970462e-05 658 5329
2.2018084 7.33061022970462e-05 658 5341
2.20681251 7.33061022970462e-05 658 5337
2.21181662 7.33061022970462e-05 658 5331
2.21682073 7.33061022970462e-05 658 5325
2.22182484 7.33061022970462e-05 658 5342
2.22682895 7.33061022970462e-05 658 5338
2.23183306 7.33061022970462e-05 658 5336
2.23683717 7.33061022970462e-05 658 5331
2.24184128 7.33061022970462e-05 658 5341
2.24684539 7.33061022970462e-05 658 5338
2.2518495 7.33061022970462e-05 658 5334
