# Fix print output for fix logmf
0.004998996 0 0 28905
0.009997992 0 0 28905
0.014996988 0 0 28905
0.019995984 0 0 28905
0.02499498 0 0 28972
0.029993976 0 0 28972
0.034992972 0 0 28972
0.039991968 0 0 28972
0.044990964 0 0 29038
0.04998996 0 0 29038
0.054988956 0 0 29034
0.059987952 0 0 29020
0.064986948 0 0 29072
0.069985944 0 0 29058
0.07498494 0 0 29051
0.079983936 0 0 29037
0.084982932 0 0 29097
0.089981928 0 0 29092
0.094980924 0 0 29089
0.09997992 0 0 29086
0.104978916 0 0 29152
0.109977912 0 0 29151
0.114976908 0 0 29151
0.119975904 0 0 29148
0.1249749 0 0 29211
0.129973896 0 0 29208
0.134972892 0 0 29208
0.139971888 2.39231189895183e-07 3 29207
0.144970884 6.8048127938266e-07 10 29265
0.14996988 2.10357672391533e-06 24 29251
0.154968876 2.54231408640486e-06 28 29246
0.159967872 3.10416419418761e-06 36 29238
0.164966868 3.23651202701872e-06 37 29304
0.169965864 3.76227023792191e-06 42 29297
0.17496486 4.46570326607367e-06 48 29288
0.179963856 4.69318664143301e-06 51 29285
0.184962852 5.05301784962346e-06 55 29346
0.189961848 5.22705954645077e-06 57 29342
0.194960844 5.41284905781392e-06 59 29339
0.19995984 5.63221773905868e-06 61 29335
0.204958836 6.29843847690756e-06 68 29393
0.209957832 6.38545932532121e-06 69 29390
0.214956828 6.55950102214851e-06 71 29387
0.219955824 6.55950102214851e-06 71 29386
0.22495482 6.77886970339328e-06 73 29450
0.229953816 7.03993224863424e-06 76 29445
0.234952812 7.17228008146535e-06 77 29443
0.239951808 7.49853211977418e-06 81 29438
0.244950804 7.87822583661506e-06 86 29498
0.2499498 8.15103619639186e-06 89 29493
0.254948796 8.29149872333754e-06 91 29489
0.259947792 8.3785195717512e-06 92 29486
0.264946788 8.3785195717512e-06 92 29550
0.269945784 8.43196125028323e-06 93 29549
0.27494478 8.51898209869688e-06 94 29548
0.279943776 8.87069861277276e-06 97 29545
0.284942772 8.87069861277276e-06 97 29611
0.289941768 8.95771946118642e-06 98 29607
0.294940764 9.3094359752623e-06 101 29603
0.29993976 9.62757331945656e-06 104 29597
0.304938756 9.80161501628387e-06 106 29660
0.309937752 1.01614462244743e-05 110 29652
0.314936748 1.04261418901365e-05 112 29648
0.319935744 1.06536252654959e-05 115 29640
0.32493474 1.13651729877622e-05 122 29699
0.329933736 1.1584541669007e-05 124 29692
0.334932732 1.17703311803701e-05 126 29683
0.339931728 1.22625102213917e-05 131 29672
0.344930724 1.25770144451647e-05 135 29723
0.34992972 1.27628039565278e-05 137 29716
0.354928716 1.28162456350599e-05 138 29708
0.359927712 1.30971706889513e-05 142 29690
0.364926708 1.33582332341922e-05 145 29735
0.369925704 1.34452540826059e-05 146 29716
0.3749247 1.42021287892897e-05 153 29702
0.379923696 1.4429612164649e-05 156 29688
0.384922692 1.4967118190088e-05 161 29732
0.389921688 1.51529077014512e-05 163 29712
0.394920684 1.58227615597213e-05 169 29693
0.39991968 1.60838241049623e-05 172 29678
0.404918676 1.6224286631908e-05 174 29732
0.409917672 1.67363281815799e-05 180 29711
0.414916668 1.74778219533066e-05 188 29694
0.419915664 1.85889259010642e-05 201 29669
0.42491466 1.9320336131981e-05 209 29710
0.429913656 1.97417237128181e-05 215 29695
0.434912652 2.03209236022533e-05 221 29675
0.439911648 2.06273131319117e-05 224 29660
0.444910644 2.08883756771527e-05 227 29711
0.44990964 2.14339963967063e-05 233 29697
0.454908636 2.17485006204793e-05 237 29686
0.459907632 2.20828673529027e-05 242 29673
0.464906628 2.22233298798483e-05 244 29731
0.469905624 2.26030235966892e-05 249 29721
0.47490462 2.33934774732546e-05 256 29704
0.479903616 2.42200232466996e-05 266 29678
0.484902612 2.46215483188863e-05 271 29730
0.489901608 2.5692927249343e-05 282 29713
0.494900604 2.65113583286734e-05 291 29695
0.4998996 2.72589979478193e-05 301 29681
0.504898596 2.83502393869265e-05 313 29731
0.509897592 2.95402494889832e-05 326 29707
0.514896588 2.99871015455873e-05 331 29697
0.519895584 3.10900907992304e-05 343 29677
0.52489458 3.29488343661339e-05 366 29713
0.529893576 3.56352440999057e-05 395 29681
0.534892572 3.60683794952786e-05 401 29668
0.539891568 3.71596209343858e-05 413 29650
0.544890564 3.8304304052025e-05 426 29698
0.54988956 3.94545891367809e-05 437 29683
0.554888556 4.06174704893446e-05 451 29665
0.559887552 4.1329018211611e-05 458 29654
0.564886548 4.24502057001785e-05 471 29704
0.569885544 4.32431723037419e-05 481 29692
0.57488454 4.45120885600976e-05 494 29675
0.579883536 4.50602220066492e-05 503 29656
0.584882532 4.6185042615638e-05 515 29709
0.589881528 4.70451675589646e-05 525 29694
0.594880524 4.80401530621202e-05 539 29679
0.59987952 4.84534259488427e-05 544 29673
0.604878516 4.87598154785011e-05 547 29734
0.609877512 4.91649736711091e-05 551 29723
0.614876508 4.93054361980547e-05 553 29719
0.619875504 4.93588778765868e-05 554 29717
0.6248745 4.94993404035325e-05 556 29781
0.629873496 4.99996341386686e-05 562 29773
0.634872492 5.02388653285638e-05 565 29768
0.639871488 5.1302129564906e-05 575 29753
0.644870484 5.19546336415237e-05 583 29812
0.64986948 5.27613169063182e-05 592 29797
0.654868476 5.36469063254119e-05 601 29784
0.659867472 5.49239372758822e-05 615 29769
0.664866468 5.64004743989469e-05 630 29821
0.669865464 5.74209243778696e-05 643 29808
0.67486446 5.84587241384448e-05 654 29791
0.679863456 5.91448073849441e-05 662 29782
0.684862452 5.9889934277092e-05 669 29840
0.689861448 6.09439634258963e-05 682 29823
0.694860444 6.19165736934036e-05 692 29811
0.69985944 6.29345109453284e-05 702 29799
0.704858436 6.40002879086686e-05 715 29853
0.709857432 6.507978153324e-05 727 29839
0.714856428 6.62697916352968e-05 740 29826
0.719855424 6.71416643931593e-05 750 29815
