# Fix print output for fix logmf
0.00500411 0 0 3658
0.01000822 0 0 3658
0.01501233 0 0 3658
0.02001644 0 0 3714
0.02502055 0 0 3714
0.03002466 0 0 3714
0.03502877 0 0 3714
0.04003288 0 0 3743
0.04503699 0 0 3737
0.0500411 0 0 3730
0.05504521 0 0 3725
0.06004932 0 0 3739
0.06505343 0 0 3738
0.07005754 0 0 3734
0.07506165 0 0 3733
0.08006576 0 0 3742
0.08506987 0 0 3742
0.09007398 0 0 3741
0.09507809 0 0 3740
0.1000822 0 0 3748
0.10508631 0 0 3747
0.11009042 0 0 3746
0.11509453 0 0 3746
0.12009864 0 0 3754
0.12510275 0 0 3753
0.13010686 0 0 3750
0.13511097 0 0 3750
0.14011508 0 0 3765
0.14511919 0 0 3762
0.1501233 6.32916899519972e-08 1 3760
0.15512741 4.79834230743342e-07 4 3756
0.16013152 4.79834230743342e-07 4 3772
0.16513563 8.42695421640534e-07 7 3769
0.17013974 1.10249666553671e-06 9 3766
0.17514385 1.10249666553671e-06 9 3766
0.18014796 1.10249666553671e-06 9 3787
0.18515207 1.41597925932704e-06 11 3785
0.19015618 1.41597925932704e-06 11 3784
0.19516029 1.41597925932704e-06 11 3782
0.2001644 1.58233089628006e-06 13 3805
0.20516851 1.58233089628006e-06 13 3805
0.21017262 1.78845079028208e-06 15 3803
0.21517673 1.78845079028208e-06 15 3801
0.22018084 1.85174248023408e-06 16 3836
0.22518495 1.85174248023408e-06 16 3833
0.23018906 1.95480242723509e-06 17 3830
0.23519317 1.95480242723509e-06 17 3828
0.24019728 1.95480242723509e-06 17 3879
0.24520139 1.95480242723509e-06 17 3877
0.2502055 2.11154372413026e-06 18 3874
0.25520961 2.11154372413026e-06 18 3871
0.26021372 2.11154372413026e-06 18 3926
0.26521783 2.11154372413026e-06 18 3926
0.27022194 2.11154372413026e-06 18 3925
0.27522605 2.11154372413026e-06 18 3921
0.28023016 2.21460367113127e-06 19 3974
0.28523427 2.5280862649216e-06 21 3971
0.29023838 2.68482756181677e-06 22 3966
0.29524249 2.78788750881778e-06 23 3964
0.3002466 2.78788750881778e-06 23 4015
0.30525071 2.89094745581879e-06 24 4005
0.31025482 2.99400740281981e-06 25 4001
0.31525893 3.356868593717e-06 28 3993
0.32026304 3.356868593717e-06 28 4042
0.32526715 3.356868593717e-06 28 4031
0.33027126 3.64019327051616e-06 31 4024
0.33527537 3.74325321751717e-06 32 4014
0.34027948 4.21347710820267e-06 35 4056
0.34528359 4.43351009504983e-06 37 4052
0.3502877 4.76621336895586e-06 41 4041
0.35529181 4.93256500590887e-06 43 4031
0.36029592 5.29542619680606e-06 46 4079
0.36530003 5.51545918365322e-06 48 4072
0.37030414 5.8385521175014e-06 51 4059
0.37530825 5.94161206450241e-06 52 4054
0.38031236 6.28822843125357e-06 56 4100
0.38531647 6.4943483252556e-06 58 4092
0.39032058 6.4943483252556e-06 58 4088
0.39532469 6.71438131210276e-06 60 4080
0.4003288 6.88073294905577e-06 62 4134
0.40533291 6.94402463900777e-06 63 4127
0.41033702 7.10076593590293e-06 64 4120
0.41534113 7.37017751985696e-06 67 4115
0.42034524 7.83609865775516e-06 71 4163
0.42534935 7.89939034770716e-06 72 4157
0.43035346 8.11942333455432e-06 74 4150
0.43535757 8.11942333455432e-06 74 4144
0.44036168 8.32554322855634e-06 76 4190
0.44536579 8.48228452545151e-06 77 4184
0.4503699 8.79576711924184e-06 79 4178
0.45537401 9.10494696024488e-06 82 4169
0.46037812 9.27129859719789e-06 84 4222
0.46538223 9.49133158404505e-06 86 4213
0.47038634 9.81442451789323e-06 89 4205
0.47539045 1.00344575047404e-05 91 4199
0.48039456 1.01375174517414e-05 92 4250
0.48539867 1.02008091416934e-05 93 4243
0.49040278 1.05239020755416e-05 96 4231
0.49540689 1.05239020755416e-05 96 4229
0.500411 1.07535454024466e-05 99 4277
0.50541511 1.08566053494476e-05 100 4271
0.51041922 1.08566053494476e-05 100 4266
0.51542333 1.09596652964486e-05 101 4259
0.52042744 1.11164065933438e-05 102 4306
0.52543155 1.12194665403448e-05 103 4297
0.53043566 1.14255864343468e-05 105 4291
0.53543977 1.18215813982048e-05 110 4282
0.54044388 1.20909929821588e-05 113 4329
0.54544799 1.22971128761609e-05 115 4319
0.5504521 1.24634645131139e-05 117 4310
0.55545621 1.2683497499961e-05 119 4299
0.56046032 1.30602717837034e-05 122 4343
0.56546443 1.31633317307044e-05 123 4334
0.57046854 1.32663916777054e-05 124 4323
0.57547265 1.36623866415634e-05 129 4309
0.58047676 1.39221878854596e-05 131 4354
0.58548087 1.40885395224126e-05 133 4343
0.59048498 1.44351558891638e-05 137 4336
0.59548909 1.47582488230119e-05 140 4324
0.6004932 1.47582488230119e-05 140 4362
0.60549731 1.51350231067543e-05 143 4356
0.61050142 1.54581160406024e-05 146 4348
0.61550553 1.55846994205064e-05 148 4340
0.62050964 1.58680240973056e-05 151 4377
0.62551375 1.59313157872576e-05 152 4373
0.63051786 1.63478583280489e-05 155 4365
0.63552197 1.66172699120029e-05 158 4352
0.64052608 1.68770711558991e-05 160 4401
0.64553019 1.71067144828041e-05 163 4390
0.6505343 1.73363578097091e-05 166 4383
0.65553841 1.75961590536053e-05 168 4371
0.66054252 1.80127015943967e-05 171 4412
0.66554663 1.80127015943967e-05 171 4404
0.67055074 1.83755627852939e-05 174 4395
0.67555485 1.863536402919e-05 176 4390
0.68055896 1.8865007356095e-05 179 4425
0.68556307 1.8991590735999e-05 181 4415
0.69056718 1.92610023199531e-05 184 4405
0.69557129 1.94810353068002e-05 186 4392
0.7005754 1.96871552008022e-05 188 4426
0.70557951 1.97504468907542e-05 189 4419
0.71058362 2.00102481346504e-05 191 4413
0.71558773 2.04364010154996e-05 195 4404
0.72059184 2.07594939493478e-05 198 4443
0.72559595 2.08625538963488e-05 199 4437
0.73060006 2.1185646830197e-05 202 4432
0.73560417 2.14689715069961e-05 205 4424
0.74060828 2.16353231439491e-05 207 4460
0.74561239 2.19584160777973e-05 210 4449
0.7506165 2.22815090116455e-05 213 4442
0.75562061 2.25509205955995e-05 216 4435
0.76062472 2.29233921265545e-05 220 4475
0.76562883 2.33001664102969e-05 223 4464
0.77063294 2.35298097372019e-05 226 4453
0.77563705 2.36328696842029e-05 227 4443
0.78064116 2.36328696842029e-05 227 4486
0.78564527 2.42694452118414e-05 232 4473
0.79064938 2.44990885387464e-05 235 4461
0.79565349 2.49156310795377e-05 238 4449
0.8006576 2.50186910265388e-05 239 4486
0.80566171 2.51217509735398e-05 240 4476
0.81066582 2.53278708675418e-05 242 4465
0.81566993 2.55339907615438e-05 244 4458
0.82067404 2.55972824514958e-05 245 4493
0.82567815 2.5754023748391e-05 246 4488
0.83068226 2.5857083695392e-05 247 4478
0.83568637 2.6023435332345e-05 249 4469
0.84069048 2.6356138606251e-05 253 4499
0.84569459 2.6522490243204e-05 255 4484
0.8506987 2.69927141338895e-05 258 4475
0.85570281 2.70560058238415e-05 259 4468
0.86070692 2.70560058238415e-05 259 4495
0.86571103 2.72223574607945e-05 261 4487
0.87071514 2.77021916915379e-05 265 4479
0.87571925 2.78052516385389e-05 266 4468
0.88072336 2.78052516385389e-05 266 4512
0.88572747 2.80113715325409e-05 268 4507
0.89073158 2.81379549124449e-05 270 4495
0.89573569 2.82410148594459e-05 271 4480
0.9007398 2.82410148594459e-05 271 4520
0.90574391 2.83440748064469e-05 272 4514
0.91074802 2.87069359973441e-05 275 4506
0.91575213 2.87069359973441e-05 275 4496
0.92075624 2.90300289311923e-05 278 4543
0.92576035 2.93928901220895e-05 281 4532
0.93076446 2.95990100160915e-05 283 4524
0.93576857 2.95990100160915e-05 283 4519
0.94077268 2.97020699630925e-05 284 4566
0.94577679 2.99221029499397e-05 286 4556
0.9507809 3.01421359367868e-05 288 4543
0.95578501 3.0298877233682e-05 289 4531
0.96078912 3.06219701675302e-05 292 4570
0.96579323 3.07787114644254e-05 293 4564
0.97079734 3.08420031543774e-05 294 4552
0.97580145 3.09052948443294e-05 295 4541
0.98080556 3.10318782242334e-05 297 4578
0.98580967 3.10318782242334e-05 297 4574
0.99081378 3.13410580652364e-05 300 4561
0.99581789 3.13410580652364e-05 300 4552
1.000822 3.14043497551884e-05 301 4601
1.00582611 3.15610910520836e-05 302 4594
1.01083022 3.15610910520836e-05 302 4592
1.01583433 3.17274426890366e-05 304 4586
1.02083844 3.17274426890366e-05 304 4632
1.02584255 3.18305026360376e-05 305 4628
1.03084666 3.19335625830386e-05 306 4615
1.03585077 3.19335625830386e-05 306 4606
1.04085488 3.23994837209368e-05 310 4643
1.04585899 3.24627754108888e-05 311 4632
1.0508631 3.26688953048908e-05 313 4619
1.05586721 3.27719552518918e-05 314 4615
1.06087132 3.2928696548787e-05 315 4655
1.06587543 3.3031756495788e-05 316 4647
1.07087954 3.33946176866852e-05 319 4638
1.07588365 3.37081002804756e-05 321 4625
1.08088776 3.37081002804756e-05 321 4665
1.08589187 3.38648415773707e-05 322 4656
1.09089598 3.40848745642179e-05 324 4649
1.09590009 3.42909944582199e-05 326 4638
1.1009042 3.42909944582199e-05 326 4685
1.10590831 3.43542861481719e-05 327 4672
1.11091242 3.44573460951729e-05 328 4665
1.11591653 3.45604060421739e-05 329 4661
1.12092064 3.45604060421739e-05 329 4707
1.12592475 3.47171473390691e-05 330 4700
1.13092886 3.50004720158683e-05 333 4691
1.13593297 3.51572133127635e-05 334 4681
1.14093708 3.53633332067655e-05 336 4719
1.14594119 3.55296848437185e-05 338 4712
1.1509453 3.55929765336705e-05 339 4704
1.15594941 3.56562682236225e-05 340 4698
1.16095352 3.58130095205177e-05 341 4749
1.16595763 3.60728107644138e-05 343 4738
1.17096174 3.63422223483679e-05 346 4732
1.17596585 3.64452822953689e-05 347 4723
1.18096996 3.66749256222739e-05 350 4772
1.18597407 3.68810455162759e-05 352 4767
1.19097818 3.69841054632769e-05 353 4759
1.19598229 3.69841054632769e-05 353 4751
1.2009864 3.70473971532289e-05 354 4801
1.20599051 3.73071983971251e-05 356 4793
1.21099462 3.75133182911271e-05 358 4786
1.21599873 3.76163782381281e-05 359 4780
1.22100284 3.77731195350233e-05 360 4827
1.22600695 3.77731195350233e-05 360 4820
1.23101106 3.77731195350233e-05 360 4818
1.23601517 3.80962124688715e-05 363 4805
1.24101928 3.80962124688715e-05 363 4853
1.24602339 3.85127550096628e-05 366 4841
1.2510275 3.85127550096628e-05 366 4838
1.25603161 3.85127550096628e-05 366 4832
1.26103572 3.86158149566639e-05 367 4872
1.26603983 3.9002199580464e-05 371 4859
1.27104394 3.9002199580464e-05 371 4854
1.27604805 3.91589408773592e-05 372 4847
1.28105216 3.95850937582084e-05 376 4883
1.28605627 3.96483854481604e-05 377 4872
1.29106038 4.00745383290096e-05 381 4861
1.29606449 4.00745383290096e-05 381 4856
1.3010686 4.02312796259048e-05 382 4906
1.30607271 4.02945713158568e-05 383 4896
1.31107682 4.04609229528098e-05 385 4891
1.31608093 4.07744055466001e-05 387 4885
1.32108504 4.11607901704003e-05 391 4923
1.32608915 4.12240818603523e-05 392 4916
1.33109326 4.13904334973053e-05 394 4901
1.33609737 4.13904334973053e-05 394 4898
1.34110148 4.18702677280487e-05 398 4943
1.34610559 4.20366193650017e-05 400 4937
1.3511097 4.22964206088979e-05 402 4932
1.35611381 4.26099032026882e-05 404 4922
1.36111792 4.28160230966902e-05 406 4964
1.36612203 4.30221429906922e-05 408 4959
1.37112614 4.32819442345884e-05 410 4951
1.37613025 4.34386855314836e-05 411 4945
1.38113436 4.36683288583886e-05 414 4987
1.38613847 4.40451031421309e-05 417 4974
1.39114258 4.42651361289781e-05 419 4969
1.39614669 4.44851691158253e-05 421 4962
1.4011508 4.44851691158253e-05 421 5009
1.40615491 4.44851691158253e-05 421 5002
1.41115902 4.45882290628263e-05 422 4997
1.41616313 4.45882290628263e-05 422 4987
1.42116724 4.49746136866265e-05 426 5035
1.42617135 4.51644887564825e-05 429 5026
1.43117546 4.54875816903307e-05 432 5016
1.43617957 4.58600532212857e-05 436 5010
1.44118368 4.60800862081329e-05 438 5055
1.44618779 4.6426702574884e-05 442 5045
1.4511919 4.70331201855314e-05 448 5034
1.45619601 4.70331201855314e-05 448 5030
1.46120012 4.70331201855314e-05 448 5079
1.46620423 4.73959813764286e-05 451 5070
1.47120834 4.73959813764286e-05 451 5063
1.47621245 4.75527226733238e-05 452 5058
1.48121656 4.77823660002288e-05 455 5104
1.48622067 4.80023989870759e-05 457 5093
1.49122478 4.86250614218693e-05 462 5085
1.49622889 4.89083860986685e-05 465 5080
1.501233 4.90747377356215e-05 467 5126
1.50623711 4.92314790325167e-05 468 5117
1.51124122 5.01139427112062e-05 475 5104
1.51624533 5.03200626052082e-05 477 5095
1.52124944 5.06335451989986e-05 479 5131
1.52625355 5.07998968359516e-05 481 5125
1.53125766 5.11862814597518e-05 485 5117
1.53626177 5.12893414067528e-05 486 5104
1.54126588 5.15189847336578e-05 489 5152
1.54626999 5.19988189644011e-05 493 5139
1.5512741 5.22284622913062e-05 496 5128
1.55627821 5.25750786580573e-05 500 5114
1.56128232 5.28047219849623e-05 503 5159
1.56628643 5.31182045787527e-05 505 5151
1.57129054 5.33382375655998e-05 507 5142
1.57629465 5.3701098756497e-05 510 5131
1.58129876 5.41507750702492e-05 515 5160
1.58630287 5.43568949642512e-05 517 5153
1.59130698 5.44834783441552e-05 519 5142
1.59631109 5.50126911720055e-05 524 5131
1.6013152 5.56051956898077e-05 530 5175
1.60631931 5.58252286766548e-05 532 5168
1.61132342 5.58885203666068e-05 533 5160
1.61632753 5.64714145443512e-05 538 5143
1.62133164 5.67312157882474e-05 540 5190
1.62633575 5.73141099659917e-05 545 5177
1.63133986 5.75739112098879e-05 547 5168
1.63634397 5.76372028998399e-05 548 5161
1.64134808 5.79602958336881e-05 551 5207
1.64635219 5.82532308505451e-05 555 5195
1.6513563 5.83562907975461e-05 556 5183
1.65636041 5.86257023815001e-05 559 5174
1.66136452 5.90120870053003e-05 563 5225
1.66636863 5.94382398861495e-05 567 5215
1.67137274 5.95412998331505e-05 568 5208
1.67637685 5.99137713641056e-05 572 5196
1.68138096 6.00705126610007e-05 573 5242
1.68638507 6.02368642979538e-05 575 5233
1.69138918 6.05503468917441e-05 577 5226
1.69639329 6.09228184226991e-05 581 5217
1.7013974 6.13489713035483e-05 585 5243
1.70640151 6.15690042903955e-05 587 5234
1.71140562 6.20584488611967e-05 592 5219
1.71640973 6.253828309194e-05 596 5207
1.72141384 6.28517656857303e-05 598 5252
1.72641795 6.30717986725775e-05 600 5237
1.73142206 6.31983820524815e-05 602 5229
1.73642617 6.36782162832248e-05 606 5221
1.74143028 6.39873961242279e-05 609 5265
1.74643439 6.41537477611809e-05 611 5262
1.7514385 6.44231593451349e-05 614 5248
1.75644261 6.44231593451349e-05 614 5245
1.76144672 6.47323391861379e-05 617 5281
1.76645083 6.50554321199861e-05 620 5269
1.77145494 6.54815850008353e-05 624 5252
1.77645905 6.57413862447315e-05 626 5245
1.78146316 6.60644791785797e-05 629 5259
1.78646727 6.63242804224758e-05 631 5247
1.79147138 6.6813724993277e-05 636 5237
1.79647549 6.71904992770193e-05 639 5222
1.8014796 6.73472405739145e-05 640 5227
1.80648371 6.77240148576568e-05 643 5217
1.81148782 6.77240148576568e-05 643 5208
1.81649193 6.8047107791505e-05 646 5198
1.82149604 6.8316519375459e-05 649 5205
1.82650015 6.841957932246e-05 650 5198
1.83150426 6.8649222649365e-05 653 5190
1.83650837 6.88059639462602e-05 654 5182
1.84151248 6.89090238932612e-05 655 5183
1.84651659 6.93255664340526e-05 658 5176
1.8515207 6.93255664340526e-05 658 5176
1.85652481 6.93255664340526e-05 658 5174
1.86152892 6.96486593679008e-05 661 5175
1.86653303 6.98054006647959e-05 662 5172
1.87153714 6.98054006647959e-05 662 5168
1.87654125 7.00350439917009e-05 665 5162
1.88154536 7.02550769785481e-05 667 5165
1.88654947 7.02550769785481e-05 667 5162
1.89155358 7.02550769785481e-05 667 5158
1.89655769 7.02550769785481e-05 667 5156
1.9015618 7.02550769785481e-05 667 5160
1.90656591 7.04751099653952e-05 669 5155
1.91157002 7.04751099653952e-05 669 5150
1.91657413 7.04751099653952e-05 669 5148
1.92157824 7.06318512622904e-05 670 5153
1.92658235 7.06318512622904e-05 670 5151
1.93158646 7.07349112092914e-05 671 5149
1.93659057 7.07349112092914e-05 671 5149
1.94159468 7.07349112092914e-05 671 5157
1.94659879 7.07349112092914e-05 671 5157
1.9516029 7.08916525061866e-05 672 5152
1.95660701 7.08916525061866e-05 672 5150
1.96161112 7.08916525061866e-05 672 5151
1.96661523 7.08916525061866e-05 672 5150
1.97161934 7.08916525061866e-05 672 5147
1.97662345 7.08916525061866e-05 672 5145
1.98162756 7.08916525061866e-05 672 5151
1.98663167 7.08916525061866e-05 672 5150
1.99163578 7.08916525061866e-05 672 5150
1.99663989 7.10483938030818e-05 673 5148
2.001644 7.10483938030818e-05 673 5152
2.00664811 7.10483938030818e-05 673 5147
2.01165222 7.10483938030818e-05 673 5147
2.01665633 7.10483938030818e-05 673 5147
2.02166044 7.10483938030818e-05 673 5150
2.02666455 7.10483938030818e-05 673 5150
2.03166866 7.10483938030818e-05 673 5149
2.03667277 7.10483938030818e-05 673 5149
2.04167688 7.10483938030818e-05 673 5153
2.04668099 7.10483938030818e-05 673 5150
2.0516851 7.10483938030818e-05 673 5147
2.05668921 7.10483938030818e-05 673 5145
2.06169332 7.10483938030818e-05 673 5149
2.06669743 7.10483938030818e-05 673 5147
2.07170154 7.10483938030818e-05 673 5145
2.07670565 7.10483938030818e-05 673 5143
2.08170976 7.10483938030818e-05 673 5148
2.08671387 7.10483938030818e-05 673 5147
2.09171798 7.10483938030818e-05 673 5147
2.09672209 7.10483938030818e-05 673 5144
2.1017262 7.10483938030818e-05 673 5145
2.10673031 7.10483938030818e-05 673 5145
2.11173442 7.10483938030818e-05 673 5143
2.11673853 7.10483938030818e-05 673 5142
2.12174264 7.10483938030818e-05 673 5148
2.12674675 7.10483938030818e-05 673 5147
2.13175086 7.10483938030818e-05 673 5146
2.13675497 7.10483938030818e-05 673 5145
2.14175908 7.10483938030818e-05 673 5145
2.14676319 7.10483938030818e-05 673 5145
2.1517673 7.10483938030818e-05 673 5145
2.15677141 7.10483938030818e-05 673 5143
2.16177552 7.10483938030818e-05 673 5146
2.16677963 7.10483938030818e-05 673 5144
2.17178374 7.10483938030818e-05 673 5143
2.17678785 7.10483938030818e-05 673 5141
2.18179196 7.10483938030818e-05 673 5142
2.18679607 7.10483938030818e-05 673 5141
2.19180018 7.10483938030818e-05 673 5141
2.19680429 7.10483938030818e-05 673 5139
2.2018084 7.10483938030818e-05 673 5142
2.20681251 7.10483938030818e-05 673 5141
2.21181662 7.10483938030818e-05 673 5140
2.21682073 7.10483938030818e-05 673 5140
2.22182484 7.10483938030818e-05 673 5142
2.22682895 7.10483938030818e-05 673 5142
2.23183306 7.10483938030818e-05 673 5142
2.23683717 7.10483938030818e-05 673 5142
2.24184128 7.10483938030818e-05 673 5145
2.24684539 7.10483938030818e-05 673 5144
2.2518495 7.10483938030818e-05 673 5144
