# Fix print output for fix logmf
0.004998996 0 0 28905
0.009997992 0 0 28905
0.014996988 0 0 28905
0.019995984 0 0 28905
0.02499498 0 0 28972
0.029993976 0 0 28972
0.034992972 0 0 28972
0.039991968 0 0 28972
0.044990964 0 0 29038
0.04998996 0 0 29038
0.054988956 0 0 29035
0.059987952 0 0 29025
0.064986948 0 0 29072
0.069985944 0 0 29060
0.07498494 0 0 29049
0.079983936 0 0 29037
0.084982932 0 0 29096
0.089981928 0 0 29095
0.094980924 0 0 29087
0.09997992 0 0 29084
0.104978916 0 0 29146
0.109977912 0 0 29144
0.114976908 0 0 29141
0.119975904 0 0 29138
0.1249749 0 0 29204
0.129973896 0 0 29203
0.134972892 0 0 29203
0.139971888 1.06883357064069e-07 2 29199
0.144970884 7.92966603563358e-07 10 29258
0.14996988 1.98131243189415e-06 23 29244
0.154968876 2.58037482997978e-06 30 29234
0.159967872 3.03086000700516e-06 34 29228
0.164966868 3.73429303515692e-06 40 29289
0.169965864 4.26816594017468e-06 46 29283
0.17496486 4.54097629995148e-06 49 29278
0.179963856 4.95424918667397e-06 54 29273
0.184962852 5.23517424056534e-06 58 29335
0.189961848 5.5533115847596e-06 61 29330
0.194960844 6.16972376449771e-06 66 29325
0.19995984 6.27660712156178e-06 68 29322
0.204958836 6.36362796997543e-06 69 29388
0.209957832 6.53766966680274e-06 71 29385
0.214956828 6.62469051521639e-06 72 29382
0.219955824 6.62469051521639e-06 72 29382
0.22495482 6.76515304216207e-06 74 29446
0.229953816 6.76515304216207e-06 74 29445
0.234952812 6.76515304216207e-06 74 29444
0.239951808 6.95094255352522e-06 76 29440
0.244950804 6.95094255352522e-06 76 29506
0.2499498 7.08329038635634e-06 77 29504
0.254948796 7.13673206488837e-06 78 29502
0.259947792 7.1901737434204e-06 79 29498
0.264946788 7.27719459183406e-06 80 29563
0.269945784 7.27719459183406e-06 80 29562
0.27494478 7.36421544024771e-06 81 29560
0.279943776 7.36421544024771e-06 81 29559
0.284942772 7.36421544024771e-06 81 29625
0.289941768 7.45123628866136e-06 82 29622
0.294940764 7.53825713707501e-06 83 29618
0.29993976 7.6787196640207e-06 85 29611
0.304938756 7.90620303938004e-06 88 29672
0.309937752 7.95964471791208e-06 89 29669
0.314936748 8.18712809327142e-06 92 29662
0.319935744 8.27414894168507e-06 93 29658
0.32493474 8.58053847134349e-06 96 29717
0.329933736 8.58053847134349e-06 96 29711
0.334932732 8.80802184670283e-06 99 29704
0.339931728 8.94848437364851e-06 101 29695
0.344930724 9.12252607047582e-06 103 29757
0.34992972 9.42891560013424e-06 106 29739
0.354928716 1.00081154895695e-05 112 29720
0.359927712 1.05954300731193e-05 119 29704
0.364926708 1.14219758465642e-05 129 29747
0.369925704 1.2153386077481e-05 137 29724
0.3749247 1.24541736400228e-05 142 29706
0.379923696 1.33769753494193e-05 150 29692
0.384922692 1.39933875291574e-05 155 29741
0.389921688 1.43867979072295e-05 159 29721
0.394920684 1.5284135140859e-05 168 29692
0.39991968 1.56638288576998e-05 173 29673
0.404918676 1.60435225745407e-05 178 29711
0.409917672 1.64567954612632e-05 183 29691
0.414916668 1.69570891963993e-05 189 29665
0.419915664 1.70105308749314e-05 190 29650
0.42491466 1.70105308749314e-05 190 29706
0.429913656 1.72380142502907e-05 193 29694
0.434912652 1.77301932913123e-05 198 29677
0.439911648 1.84417410135786e-05 205 29658
0.444910644 1.99971842909424e-05 220 29698
0.44990964 2.064968836756e-05 228 29679
0.454908636 2.19485506733762e-05 242 29657
0.459907632 2.30316774183688e-05 253 29638
0.464906628 2.42689833515383e-05 265 29683
0.469905624 2.5002906309453e-05 276 29664
0.47490462 2.62147477668555e-05 289 29642
0.479903616 2.72606622215452e-05 301 29616
0.484902612 2.86980182076117e-05 318 29661
0.489901608 2.96034701353557e-05 328 29642
0.494900604 3.09314300373601e-05 340 29621
0.4998996 3.20109236619315e-05 352 29604
0.504898596 3.28629339111435e-05 361 29652
0.509897592 3.41617962169597e-05 375 29629
0.514896588 3.51914812834202e-05 385 29609
0.519895584 3.60633540412827e-05 395 29595
0.52489458 3.7286943313221e-05 408 29641
0.529893576 3.86708576207554e-05 424 29621
0.534892572 3.94638242243188e-05 434 29606
0.539891568 3.99386534836878e-05 441 29595
0.544890564 4.07987784270144e-05 451 29649
0.54988956 4.1749557339176e-05 461 29633
0.554888556 4.24655866351356e-05 470 29619
0.559887552 4.31597845757495e-05 479 29608
0.564886548 4.37135199894176e-05 486 29660
0.569885544 4.42890867584316e-05 493 29650
0.57488454 4.47812657994532e-05 498 29642
0.579883536 4.50423283446941e-05 501 29637
0.584882532 4.51293491931078e-05 502 29697
0.589881528 4.54357387227662e-05 505 29687
0.594880524 4.55762012497119e-05 507 29681
0.59987952 4.58154324396071e-05 510 29676
0.604878516 4.58154324396071e-05 510 29741
0.609877512 4.60882427993839e-05 513 29737
0.614876508 4.63076114806286e-05 515 29734
0.619875504 4.63946323290423e-05 516 29730
0.6248745 4.63946323290423e-05 516 29795
0.629873496 4.66338635189375e-05 519 29791
0.634872492 4.69520008631317e-05 522 29784
0.639871488 4.72248112229085e-05 525 29780
0.644870484 4.73316945799726e-05 527 29842
0.64986948 4.75174840913357e-05 529 29838
0.654868476 4.80631048108893e-05 535 29830
0.659867472 4.82824734921341e-05 537 29826
0.664866468 4.86031235633263e-05 543 29885
0.669865464 4.88840486172177e-05 547 29879
0.67486446 4.91767214856449e-05 551 29873
0.679863456 4.93706256911226e-05 554 29868
0.684862452 4.94240673696546e-05 555 29931
0.689861448 4.96632985595498e-05 558 29926
0.694860444 4.97503194079635e-05 559 29921
0.69985944 4.99895505978586e-05 562 29916
0.704858436 5.04562651631132e-05 568 29976
0.709857432 5.09484442041347e-05 573 29969
0.714856428 5.14859502295738e-05 578 29963
0.719855424 5.19862439647099e-05 584 29953
0.72485442 5.30520209280501e-05 597 30004
0.729853416 5.45123286628856e-05 610 29991
0.734852412 5.51729474336178e-05 619 29981
0.739851408 5.61318410398939e-05 630 29970
0.744850404 5.75792805667703e-05 647 30020
0.7498494 5.87122158698737e-05 660 30006
0.754848396 6.00345738047615e-05 674 29991
0.759847392 6.11557612933291e-05 687 29975
0.764846388 6.22414007653197e-05 701 30026
0.769845384 6.35147985953688e-05 716 30011
0.77484438 6.43251149805847e-05 724 30003
0.779843376 6.54373393217657e-05 733 29992
0.784842372 6.62812348768632e-05 741 30051
0.789841368 6.68884119690634e-05 749 30041
0.794840364 6.73352640256675e-05 754 30036
0.79983936 6.76416535553259e-05 757 30032
0.804838356 6.84030098357031e-05 766 30089
0.809837352 6.90473992182062e-05 773 30080
0.814836348 6.9949218025529e-05 784 30066
0.819835344 7.1259828145881e-05 798 30052
0.82483434 7.26599718416447e-05 816 30099
0.829833336 7.31720133913167e-05 822 30092
0.834832332 7.46230860386144e-05 838 30077
0.839831328 7.56908318486499e-05 850 30062
0.844830324 7.74264626702603e-05 869 30109
0.84982932 7.80591042382276e-05 876 30100
0.854828316 7.91304831686844e-05 887 30088
0.859827312 8.0027820402314e-05 896 30077
0.864826308 8.0933272330058e-05 906 30133
0.869825304 8.16473327793224e-05 916 30123
0.8748243 8.25273202312994e-05 927 30112
0.879823296 8.31426120176142e-05 936 30104
0.884822292 8.42872951352535e-05 949 30155
0.889821288 8.58472199863107e-05 966 30138
0.894820284 8.64543970785109e-05 974 30132
0.89981928 8.81620506973563e-05 991 30112
0.904818276 8.89351547922693e-05 1000 30170
0.909817272 8.93484276789918e-05 1005 30164
0.914816268 9.02457649126213e-05 1014 30156
0.919815264 9.05521544422797e-05 1017 30152
0.92481426 9.09455648203518e-05 1021 30215
0.929813256 9.12718168586607e-05 1025 30211
0.934812252 9.16235333727365e-05 1028 30208
0.939811248 9.18093228840997e-05 1030 30207
0.944810244 9.20286915653445e-05 1032 30271
0.94980924 9.20286915653445e-05 1032 30271
0.954808236 9.23015019251213e-05 1035 30268
0.959807232 9.25661975907835e-05 1037 30266
0.964806228 9.27855662720283e-05 1039 30331
0.969805224 9.29179141048594e-05 1040 30330
0.97480422 9.29179141048594e-05 1040 30330
0.979803216 9.29179141048594e-05 1040 30330
0.984802212 9.29179141048594e-05 1040 30397
0.989801208 9.30049349532731e-05 1041 30396
0.994800204 9.30919558016867e-05 1042 30395
0.9997992 9.30919558016867e-05 1042 30395
1.004798196 9.30919558016867e-05 1042 30461
1.009797192 9.30919558016867e-05 1042 30461
1.014796188 9.31789766501004e-05 1043 30459
1.019795184 9.31789766501004e-05 1043 30459
1.02479418 9.3265997498514e-05 1044 30524
1.029793176 9.33194391770461e-05 1045 30523
1.034792172 9.33728808555781e-05 1046 30522
1.039791168 9.34263225341102e-05 1047 30521
1.044790164 9.37861537423006e-05 1051 30583
1.04978916 9.39185015751317e-05 1052 30582
1.054788156 9.41042910864949e-05 1054 30580
1.059787152 9.43771014462717e-05 1057 30577
1.064786148 9.44641222946854e-05 1058 30643
1.069785144 9.47288179603476e-05 1060 30641
1.07478414 9.48158388087613e-05 1061 30640
1.079783136 9.49481866415924e-05 1062 30639
1.084782132 9.49481866415924e-05 1062 30705
1.089781128 9.49481866415924e-05 1062 30705
1.094780124 9.49481866415924e-05 1062 30705
1.09977912 9.49481866415924e-05 1062 30705
1.104778116 9.5035207490006e-05 1063 30771
1.109777112 9.5035207490006e-05 1063 30771
1.114776108 9.51222283384197e-05 1064 30770
1.119775104 9.52545761712508e-05 1065 30769
1.1247741 9.52545761712508e-05 1065 30836
1.129773096 9.53415970196645e-05 1066 30835
1.134772092 9.53415970196645e-05 1066 30835
1.139771088 9.54286178680781e-05 1067 30834
1.144770084 9.5780334382154e-05 1070 30898
1.14976908 9.58872177392181e-05 1072 30896
1.154768076 9.61147011145774e-05 1075 30893
1.159767072 9.63875114743543e-05 1078 30890
1.164766068 9.65198593071854e-05 1079 30955
1.169765064 9.65198593071854e-05 1079 30955
1.17476406 9.6606880155599e-05 1080 30954
1.179763056 9.6606880155599e-05 1080 30954
1.184762052 9.6606880155599e-05 1080 31021
1.189761048 9.67473426825447e-05 1082 31019
1.194760044 9.68007843610768e-05 1083 31018
1.19975904 9.69331321939079e-05 1084 31017
1.204758036 9.70201530423215e-05 1085 31082
1.209757032 9.71525008751527e-05 1086 31081
1.214756028 9.72395217235663e-05 1087 31080
1.219755024 9.72929634020983e-05 1088 31079
1.22475402 9.74787529134615e-05 1090 31144
1.229753016 9.7838584121652e-05 1094 31140
1.234752012 9.82518570083745e-05 1099 31134
1.239751008 9.89969839005225e-05 1106 31127
1.244750004 9.92443297845322e-05 1110 31190
1.249749 9.98688566583849e-05 1116 31184
1.254747996 0.000100352921005292 1120 31179
1.259746992 0.000101060835607137 1128 31171
1.264745988 0.000101333645966914 1131 31234
1.269744984 0.000101859404177817 1136 31229
1.27474398 0.000102396910203256 1141 31224
1.279742976 0.000102863624768511 1147 31218
1.284741972 0.000103488151642363 1153 31279
1.289740968 0.000104087214040449 1160 31269
1.294739964 0.000105435036451104 1173 31256
1.29973896 0.000106132867512139 1181 31248
1.304737956 0.00010709987581253 1193 31303
1.309736952 0.000107864865213328 1201 31296
1.314735948 0.00010858816075013 1208 31289
1.319734944 0.000109617845816591 1218 31279
1.32473394 0.000110315676877626 1226 31337
1.329732936 0.000110993645430011 1233 31330
1.334731932 0.000111626286997978 1240 31322
1.339730928 0.000111820191203456 1243 31319
1.344729924 0.000112742992912853 1251 31378
1.34972892 0.00011337563448082 1258 31371
1.354727916 0.000114107044711737 1266 31363
1.359726912 0.000114888263500764 1276 31353
1.364725908 0.000115301536387487 1281 31415
1.369724904 0.000116277779775415 1290 31406
1.3747239 0.000116538842320656 1293 31403
1.379722896 0.000117031021361678 1298 31398
1.384721892 0.000117651915115109 1305 31457
1.389720888 0.000118543650381622 1316 31446
1.394719884 0.000119609427344962 1329 31433
1.39971888 0.000120858481092668 1341 31421
1.404717876 0.000121940487444237 1356 31474
1.409716872 0.000122626570690736 1364 31465
1.414715868 0.000123577349602898 1374 31455
1.419714864 0.000124144801677797 1380 31449
1.42471386 0.000124921538893131 1388 31507
1.429712856 0.000125987315856471 1401 31495
1.434711852 0.000127128365853689 1415 31480
1.439710848 0.000128642963720329 1432 31464
1.444709844 0.000129618086714834 1445 31517
1.44970884 0.000130709328153941 1457 31505
1.454707836 0.000131688084268868 1469 31494
1.459706832 0.00013288006321762 1481 31481
1.464705828 0.00013338847164687 1488 31541
1.469704824 0.000134274061065964 1497 31532
1.47470382 0.000134521406949974 1501 31528
1.479702816 0.000135055279854991 1507 31522
1.484701812 0.000135513879726131 1512 31584
1.489700808 0.000136320562990926 1521 31576
1.494699804 0.00013697866903466 1527 31569
1.4996988 0.000137445383599915 1533 31563
1.504697796 0.000138252066864709 1542 31621
1.509696792 0.000138896456247212 1549 31615
1.514695788 0.000139349454151236 1556 31607
1.519694784 0.000139911304259018 1564 31600
1.52469378 0.000140676293659817 1572 31658
1.529692776 0.000141854555947337 1585 31644
1.534691772 0.000143094374607505 1600 31630
1.539690768 0.000143986109874018 1611 31621
1.544689764 0.000144419245269391 1617 31679
1.54968876 0.000144998445158826 1623 31673
1.554687756 0.000145473274418195 1630 31666
1.559686752 0.000146080451510395 1638 31658
1.564685748 0.000147053061777902 1648 31715
1.569684744 0.00014760679719157 1655 31709
1.57468374 0.000148388015980598 1665 31698
1.579682736 0.00014940846595952 1678 31686
1.584681732 0.000150468097075441 1689 31741
1.589680728 0.000151589284564009 1702 31729
1.594679724 0.000152559925984821 1713 31717
1.59967872 0.000153544284066864 1723 31707
1.604677716 0.000154457850688722 1734 31764
1.609676712 0.000155160163323451 1744 31753
1.614675708 0.000155978594402781 1753 31745
1.619674704 0.000156937488009057 1764 31733
1.6246737 0.000157491223422725 1771 31792
1.629672696 0.000158222633653642 1779 31785
1.634671692 0.000159074643902854 1788 31775
1.639670688 0.000160679895738328 1805 31759
1.644669684 0.000161717695498903 1816 31813
1.64966868 0.000162979345514417 1831 31798
1.654667676 0.000164440501702524 1847 31783
1.659666672 0.00016537953280015 1857 31772
1.664665668 0.000165978595198235 1864 31832
1.669664664 0.000167235763640055 1877 31820
1.67466366 0.000168590580351401 1895 31801
1.679662656 0.00016971540096039 1907 31789
1.684661652 0.000171281471658866 1926 31838
1.689660648 0.00017277423817016 1943 31820
1.694659644 0.000173986079627562 1956 31808
1.69965864 0.000174798908739776 1967 31796
1.704657636 0.000175973537906876 1981 31849
1.709656632 0.000177023085481986 1992 31839
1.714655628 0.000178659947640647 2010 31821
1.719654624 0.000179411220380214 2019 31812
1.72465362 0.000180735547161797 2032 31865
1.729652616 0.00018136007403565 2038 31858
1.734651612 0.000181739767752491 2043 31853
1.739650608 0.000182504757153289 2051 31845
1.744649604 0.000183261631859973 2058 31904
1.7496486 0.000184021019293655 2068 31894
1.754647596 0.000184786008694453 2076 31886
1.759646592 0.000185865502319024 2088 31874
1.764645588 0.000186605027244056 2097 31931
1.769644584 0.000187249416626559 2104 31924
1.77464358 0.000188101426875771 2113 31915
1.779642576 0.000188899995446451 2121 31908
1.784641572 0.000189884353528494 2131 31965
1.789640568 0.000190694669913709 2139 31956
1.794639564 0.000191335426175791 2147 31948
1.79963856 0.000191926373879762 2153 31942
1.804637556 0.00019210041557659 2155 32007
1.809636552 0.000193225236185578 2167 31995
1.814635548 0.000193854244633124 2175 31987
1.819634544 0.000194731719358103 2183 31979
1.82463354 0.000195392338128835 2192 32038
1.829632536 0.000195892631863972 2198 32031
1.834631532 0.000196855158590669 2208 32021
1.839630528 0.000197082641966028 2211 32018
1.844629524 0.00019818199809925 2224 32074
1.84962852 0.000199115427229759 2236 32060
1.854627516 0.000199888531324672 2245 32052
1.859626512 0.000200748656267998 2255 32041
1.864625508 0.000201715664568389 2267 32096
1.869624504 0.000202488768663302 2276 32087
1.8746235 0.000203008924907088 2283 32080
1.879622496 0.000203343291639512 2288 32075
1.884621492 0.000203888912359065 2294 32135
1.889620488 0.000204642153945328 2302 32127
1.894619484 0.000205241216343413 2309 32121
1.89961848 0.000205980741268445 2318 32111
1.904617476 0.000206394014155167 2323 32173
1.909616472 0.000207060234893016 2330 32166
1.914615468 0.000207473507779739 2335 32161
1.919614464 0.000207853201496579 2340 32156
1.92461346 0.000208126011856356 2343 32219
1.929612456 0.00020821303270477 2344 32218
1.934611452 0.000208531170048964 2347 32215
1.939610448 0.000208618190897378 2348 32214
1.944609444 0.000208837559578622 2350 32279
1.94960844 0.000208891001257154 2351 32278
1.954607436 0.000209065042953982 2353 32277
1.959606432 0.000209239084650809 2355 32274
1.964605428 0.000209424874162172 2357 32339
1.969604424 0.000209685936707413 2360 32337
1.97460342 0.000209685936707413 2360 32336
1.979602416 0.00020995874706719 2363 32333
1.984601412 0.000210012188745722 2364 32398
1.989600408 0.000210099209594136 2365 32397
1.994599404 0.000210326692969495 2368 32394
1.9995984 0.000210627480532037 2373 32389
2.004597396 0.000210680922210569 2374 32455
2.009596392 0.000210767943058982 2375 32454
2.014595388 0.000210854963907396 2376 32453
2.019594384 0.000210987311740227 2377 32452
2.02459338 0.000211074332588641 2378 32518
2.029592376 0.000211074332588641 2378 32518
2.034591372 0.000211161353437054 2379 32517
2.039590368 0.000211161353437054 2379 32517
2.044589364 0.000211161353437054 2379 32584
2.04958836 0.000211161353437054 2379 32584
2.054587356 0.000211161353437054 2379 32584
2.059586352 0.000211161353437054 2379 32584
2.064585348 0.000211161353437054 2379 32651
2.069584344 0.000211161353437054 2379 32651
2.07458334 0.000211161353437054 2379 32651
2.079582336 0.000211161353437054 2379 32651
2.084581332 0.000211161353437054 2379 32717
2.089580328 0.000211161353437054 2379 32717
2.094579324 0.000211161353437054 2379 32717
2.09957832 0.000211161353437054 2379 32717
2.104577316 0.000211161353437054 2379 32784
2.109576312 0.000211161353437054 2379 32784
2.114575308 0.000211161353437054 2379 32784
2.119574304 0.000211161353437054 2379 32784
2.1245733 0.000211161353437054 2379 32851
2.129572296 0.000211161353437054 2379 32851
2.134571292 0.000211161353437054 2379 32851
2.139570288 0.000211161353437054 2379 32851
2.144569284 0.000211161353437054 2379 32918
2.14956828 0.000211161353437054 2379 32918
2.154567276 0.000211161353437054 2379 32918
2.159566272 0.000211161353437054 2379 32918
2.164565268 0.000211161353437054 2379 32985
2.169564264 0.000211161353437054 2379 32985
2.17456326 0.000211161353437054 2379 32985
2.179562256 0.000211161353437054 2379 32985
2.184561252 0.000211161353437054 2379 33052
2.189560248 0.000211161353437054 2379 33052
2.194559244 0.000211161353437054 2379 33052
2.19955824 0.000211161353437054 2379 33052
2.204557236 0.000211161353437054 2379 33119
2.209556232 0.000211161353437054 2379 33119
2.214555228 0.000211161353437054 2379 33119
2.219554224 0.000211161353437054 2379 33119
