# Fix print output for fix logmf
0.004998996 0 0 40373
0.009997992 0 0 40373
0.014996988 0 0 40373
0.019995984 0 0 40373
0.02499498 0 0 40602
0.029993976 0 0 40602
0.034992972 0 0 40602
0.039991968 0 0 40602
0.044990964 0 0 40748
0.04998996 0 0 40748
0.054988956 0 0 40748
0.059987952 0 0 40748
0.064986948 0 0 40867
0.069985944 0 0 40867
0.07498494 0 0 40867
0.079983936 0 0 40867
0.084982932 0 0 40955
0.089981928 0 0 40955
0.094980924 0 0 40955
0.09997992 0 0 40955
0.104978916 0 0 41026
0.109977912 0 0 41026
0.114976908 0 0 41026
0.119975904 0 0 41026
0.1249749 5.73597922318591e-07 8 41073
0.129973896 5.29370555096897e-05 582 40512
0.134972892 0.000168007845239999 1854 39237
0.139971888 0.000299585173724047 3299 37799
0.144970884 0.000438958123504352 4855 36302
0.14996988 0.000573067987106963 6363 34805
0.154968876 0.00070374665128944 7804 33354
0.159967872 0.000820122960420469 9090 32075
0.164966868 0.000923040364073298 10225 31009
0.169965864 0.00101659933901321 11254 29995
0.17496486 0.00109770895909257 12148 29084
0.179963856 0.00116831655510198 12913 28333
0.184962852 0.00123126423882823 13610 27742
0.189961848 0.00128288032873661 14185 27156
0.194960844 0.00132698698716394 14664 26679
0.19995984 0.00136586376874485 15102 26232
0.204958836 0.00140222091604798 15497 25973
0.209957832 0.00143514934402516 15858 25618
0.214956828 0.00146349618959899 16177 25292
0.219955824 0.00148807713181448 16455 25012
0.22495482 0.00150979707871907 16698 24946
0.229953816 0.0015301104315075 16922 24727
0.234952812 0.00154717722136093 17115 24526
0.239951808 0.00156354333022053 17292 24350
0.244950804 0.00157697262685505 17447 24356
0.2499498 0.00159010225632046 17593 24209
0.254948796 0.00160112270709483 17717 24085
0.259947792 0.00161115934366746 17835 23969
0.264946788 0.00161949616937521 17926 24084
0.269945784 0.00162677139512035 18007 24003
0.27494478 0.00163365517933411 18083 23925
0.279943776 0.00163957531642775 18153 23854
0.284942772 0.00164566053207083 18221 23998
0.289941768 0.00165134870421541 18286 23929
0.294940764 0.00165641459027299 18337 23878
0.29993976 0.00166098157492901 18389 23823
0.304938756 0.00166515711805365 18436 23984
0.309937752 0.00166833655528172 18473 23944
0.314936748 0.00167157558003573 18513 23900
0.319935744 0.00167411426100171 18542 23869
0.32493474 0.00167636641494669 18569 24071
0.329933736 0.00167856512721313 18595 24043
0.334932732 0.00168050474578103 18617 24019
0.339931728 0.00168244436434893 18639 23991
0.344930724 0.00168372139529939 18653 24193
0.34992972 0.00168449449939431 18662 24181
0.354928716 0.00168521416181069 18670 24170
0.359927712 0.00168572620336036 18676 24163
0.364926708 0.00168612772843255 18681 24377
0.369925704 0.00168644586577674 18684 24368
0.3749247 0.00168644586577674 18684 24362
0.379923696 0.00168644586577674 18684 24354
0.384922692 0.00168644586577674 18684 24581
0.389921688 0.00168644586577674 18684 24575
0.394920684 0.00168644586577674 18684 24566
0.39991968 0.00168644586577674 18684 24562
0.404918676 0.00168644586577674 18684 24779
0.409917672 0.00168644586577674 18684 24774
0.414916668 0.00168644586577674 18684 24760
0.419915664 0.00168644586577674 18684 24744
0.42491466 0.00168644586577674 18684 24976
0.429913656 0.00168644586577674 18684 24958
0.434912652 0.00168644586577674 18684 24943
0.439911648 0.00168644586577674 18684 24937
0.444910644 0.00168644586577674 18684 25177
0.44990964 0.00168644586577674 18684 25166
0.454908636 0.00168644586577674 18684 25157
0.459907632 0.00168644586577674 18684 25139
0.464906628 0.00168644586577674 18684 25376
0.469905624 0.00168644586577674 18684 25363
0.47490462 0.00168644586577674 18684 25357
0.479903616 0.00168644586577674 18684 25343
0.484902612 0.00168644586577674 18684 25596
0.489901608 0.00168644586577674 18684 25586
0.494900604 0.00168644586577674 18684 25572
0.4998996 0.00168644586577674 18684 25557
0.504898596 0.00168644586577674 18684 25806
0.509897592 0.00168644586577674 18684 25793
0.514896588 0.00168644586577674 18684 25780
0.519895584 0.00168644586577674 18684 25758
0.52489458 0.00168644586577674 18684 26005
0.529893576 0.00168644586577674 18684 25984
0.534892572 0.00168644586577674 18684 25954
0.539891568 0.00168644586577674 18684 25937
0.544890564 0.00168644586577674 18684 26182
0.54988956 0.00168644586577674 18684 26147
0.554888556 0.00168644586577674 18684 26133
0.559887552 0.00168644586577674 18684 26109
0.564886548 0.00168644586577674 18684 26388
0.569885544 0.00168644586577674 18684 26367
0.57488454 0.00168644586577674 18684 26353
0.579883536 0.00168644586577674 18684 26341
0.584882532 0.00168644586577674 18684 26598
0.589881528 0.00168644586577674 18684 26583
0.594880524 0.00168644586577674 18684 26558
0.59987952 0.00168644586577674 18684 26531
0.604878516 0.00168644586577674 18684 26774
0.609877512 0.00168644586577674 18684 26761
0.614876508 0.00168644586577674 18684 26736
0.619875504 0.00168644586577674 18684 26717
0.6248745 0.00168644586577674 18684 26991
0.629873496 0.00168644586577674 18684 26972
0.634872492 0.00168644586577674 18684 26942
0.639871488 0.00168644586577674 18684 26911
0.644870484 0.00168644586577674 18684 27180
0.64986948 0.00168644586577674 18684 27152
0.654868476 0.00168644586577674 18684 27131
0.659867472 0.00168644586577674 18684 27096
0.664866468 0.00168644586577674 18684 27353
0.669865464 0.00168644586577674 18684 27326
0.67486446 0.00168653288662515 18685 27298
0.679863456 0.00168703318036029 18691 27260
0.684862452 0.00168754158878954 18698 27523
0.689861448 0.00168811267398486 18703 27495
0.694860444 0.00168876517806148 18711 27457
0.69985944 0.00168982117605698 18723 27414
0.704858436 0.00169102490282026 18735 27669
0.709857432 0.00169246786077345 18750 27629
0.714856428 0.00169457255789078 18770 27571
0.719855424 0.00169673769098735 18796 27519
0.72485442 0.00169848703847019 18814 27778
0.729853416 0.00170136120656201 18844 27710
0.734852412 0.00170404201432867 18875 27655
0.739851408 0.00170734317196845 18909 27596
0.744850404 0.00171179964014698 18960 27831
0.7498494 0.00171665315182401 19014 27760
0.754848396 0.00172135696588655 19069 27675
0.759847392 0.0017278400734814 19143 27585
0.764846388 0.00173439814953715 19219 27788
0.769845384 0.00174198899989948 19300 27683
0.77484438 0.00174974913844479 19388 27564
0.779843376 0.00175886324524818 19491 27432
0.784842372 0.00176711305010752 19581 27627
0.789841368 0.00177644598171185 19682 27508
0.794840364 0.00178718774821918 19794 27360
0.79983936 0.00179939569636861 19928 27214
0.804838356 0.00181239464227491 20073 27348
0.809837352 0.00182680075881048 20229 27162
0.814836348 0.00184146984147236 20393 26961
0.819835344 0.00185817170939796 20582 26750
0.82483434 0.00187534507803548 20778 26837
0.829833336 0.00189556047798142 20998 26587
0.834832332 0.00191537268858145 21213 26342
0.839831328 0.00193831534367188 21460 26070
0.844830324 0.00196253839089305 21727 26108
0.84982932 0.00198885384353673 22028 25780
0.854828316 0.0020162076724541 22332 25444
0.859827312 0.00204622187011636 22656 25100
0.864826308 0.0020756448807673 22987 25079
0.869825304 0.00210719944534494 23326 24718
0.8748243 0.00213854384369604 23672 24335
0.879823296 0.00216867976177002 24011 23978
0.884822292 0.0021974395756576 24336 23918
0.889821288 0.00222698118484734 24663 23566
0.894820284 0.00225699429474899 24997 23190
0.89981928 0.00228472306386935 25311 22845
0.904818276 0.00231430697606902 25637 22795
0.909817272 0.00234099876124927 25937 22469
0.914816268 0.00236985316679908 26260 22117
0.919815264 0.00239648706135991 26545 21808
0.92481426 0.00242190908183053 26829 21798
0.929813256 0.00244715064281676 27116 21483
0.934812252 0.00247221368053246 27399 21173
0.939811248 0.00249524308453115 27654 20901
0.944810244 0.00251622014533044 27882 20961
0.94980924 0.00253501217789169 28095 20725
0.954808236 0.00255306862322131 28297 20488
0.959807232 0.00256803516489826 28466 20292
0.964806228 0.00258297372937246 28633 20387
0.969805224 0.00259563240200625 28776 20222
0.97480422 0.00260756360210252 28909 20072
0.979803216 0.00261890354992184 29037 19922
0.984802212 0.00262872808405407 29151 20060
0.989801208 0.00263725375588048 29251 19944
0.994800204 0.0026450113816988 29336 19838
0.9997992 0.00265121271578648 29403 19741
1.004798196 0.00265682143789646 29464 19900
1.009797192 0.00266238452844906 29526 19822
1.014796188 0.00266657630096193 29575 19753
1.019795184 0.00267106020246293 29624 19679
1.02479418 0.00267478274768354 29664 19852
1.029793176 0.00267851059029831 29703 19787
1.034792172 0.0026813730105756 29733 19733
1.039791168 0.00268405130561526 29761 19676
1.044790164 0.00268591565114928 29782 19857
1.04978916 0.00268791234451613 29804 19814
1.054788156 0.00268938327967208 29821 19781
1.059787152 0.0026906776604042 29833 19749
1.064786148 0.00269178625162496 29843 19865
1.069785144 0.00269246422017734 29850 19828
1.07478414 0.00269327090344213 29859 19801
1.079783136 0.0026934566929535 29861 19776
1.084782132 0.0026934566929535 29861 19903
1.089781128 0.0026934566929535 29861 19874
1.094780124 0.0026934566929535 29861 19857
1.09977912 0.0026934566929535 29861 19825
1.104778116 0.0026934566929535 29861 19944
1.109777112 0.0026934566929535 29861 19920
1.114776108 0.0026934566929535 29861 19899
1.119775104 0.0026934566929535 29861 19876
1.1247741 0.0026934566929535 29861 19985
1.129773096 0.0026934566929535 29861 19968
1.134772092 0.0026934566929535 29861 19946
1.139771088 0.0026934566929535 29861 19920
1.144770084 0.0026934566929535 29861 20012
1.14976908 0.0026934566929535 29861 19989
1.154768076 0.0026934566929535 29861 19965
1.159767072 0.0026934566929535 29861 19949
1.164766068 0.0026934566929535 29861 20051
1.169765064 0.0026934566929535 29861 20027
1.17476406 0.0026934566929535 29861 20008
1.179763056 0.0026934566929535 29861 19988
1.184762052 0.0026934566929535 29861 20103
1.189761048 0.0026934566929535 29861 20083
1.194760044 0.0026934566929535 29861 20060
1.19975904 0.0026934566929535 29861 20047
1.204758036 0.0026934566929535 29861 20157
1.209757032 0.0026934566929535 29861 20145
1.214756028 0.0026934566929535 29861 20124
1.219755024 0.0026934566929535 29861 20106
1.22475402 0.0026934566929535 29861 20207
1.229753016 0.0026934566929535 29861 20190
1.234752012 0.0026934566929535 29861 20173
1.239751008 0.0026934566929535 29861 20153
1.244750004 0.0026934566929535 29861 20265
1.249749 0.0026934566929535 29861 20255
1.254747996 0.0026934566929535 29861 20229
1.259746992 0.0026934566929535 29861 20209
1.264745988 0.0026934566929535 29861 20324
1.269744984 0.0026934566929535 29861 20304
1.27474398 0.0026934566929535 29861 20284
1.279742976 0.0026934566929535 29861 20267
1.284741972 0.0026934566929535 29861 20389
1.289740968 0.0026934566929535 29861 20366
1.294739964 0.0026934566929535 29861 20355
1.29973896 0.0026934566929535 29861 20336
1.304737956 0.0026934566929535 29861 20461
1.309736952 0.0026934566929535 29861 20446
1.314735948 0.0026934566929535 29861 20424
1.319734944 0.0026934566929535 29861 20412
1.32473394 0.0026934566929535 29861 20537
1.329732936 0.0026934566929535 29861 20520
1.334731932 0.0026934566929535 29861 20503
1.339730928 0.0026934566929535 29861 20495
1.344729924 0.0026934566929535 29861 20626
1.34972892 0.0026934566929535 29861 20605
1.354727916 0.0026934566929535 29861 20596
1.359726912 0.0026934566929535 29861 20589
1.364725908 0.0026934566929535 29861 20716
1.369724904 0.0026934566929535 29861 20703
1.3747239 0.0026934566929535 29861 20692
1.379722896 0.0026934566929535 29861 20682
1.384721892 0.0026934566929535 29861 20816
1.389720888 0.0026934566929535 29861 20805
1.394719884 0.0026934566929535 29861 20794
1.39971888 0.0026934566929535 29861 20784
1.404717876 0.0026934566929535 29861 20919
1.409716872 0.0026934566929535 29861 20910
1.414715868 0.0026934566929535 29861 20901
1.419714864 0.0026934566929535 29861 20892
1.42471386 0.0026934566929535 29861 21029
1.429712856 0.0026934566929535 29861 21023
1.434711852 0.0026934566929535 29861 21018
1.439710848 0.0026934566929535 29861 21008
1.444709844 0.0026934566929535 29861 21201
1.44970884 0.0026934566929535 29861 21188
1.454707836 0.0026934566929535 29861 21182
1.459706832 0.0026934566929535 29861 21173
1.464705828 0.0026934566929535 29861 21321
1.469704824 0.0026934566929535 29861 21309
1.47470382 0.0026934566929535 29861 21299
1.479702816 0.0026934566929535 29861 21288
1.484701812 0.0026934566929535 29861 21462
1.489700808 0.0026934566929535 29861 21451
1.494699804 0.0026934566929535 29861 21429
1.4996988 0.0026934566929535 29861 21413
1.504697796 0.0026934566929535 29861 21577
1.509696792 0.0026934566929535 29861 21562
1.514695788 0.0026934566929535 29861 21549
1.519694784 0.0026934566929535 29861 21537
1.52469378 0.0026934566929535 29861 21681
1.529692776 0.0026934566929535 29861 21670
1.534691772 0.0026934566929535 29861 21650
1.539690768 0.0026934566929535 29861 21633
1.544689764 0.0026934566929535 29861 21835
1.54968876 0.0026934566929535 29861 21818
1.554687756 0.0026934566929535 29861 21799
1.559686752 0.0026934566929535 29861 21779
1.564685748 0.0026934566929535 29861 21937
1.569684744 0.0026934566929535 29861 21919
1.57468374 0.0026934566929535 29861 21896
1.579682736 0.0026934566929535 29861 21878
1.584681732 0.0026934566929535 29861 22088
1.589680728 0.0026934566929535 29861 22075
1.594679724 0.0026934566929535 29861 22051
1.59967872 0.0026934566929535 29861 22042
1.604677716 0.0026934566929535 29861 22238
1.609676712 0.0026934566929535 29861 22206
1.614675708 0.0026934566929535 29861 22183
1.619674704 0.0026934566929535 29861 22158
1.6246737 0.0026934566929535 29861 22357
1.629672696 0.0026934566929535 29861 22342
1.634671692 0.0026934566929535 29861 22315
1.639670688 0.0026934566929535 29861 22294
1.644669684 0.0026934566929535 29861 22502
1.64966868 0.0026934566929535 29861 22477
1.654667676 0.0026934566929535 29861 22446
1.659666672 0.00269351013463203 29862 22425
1.664665668 0.00269351013463203 29862 22645
1.669664664 0.00269351013463203 29862 22623
1.67466366 0.00269369592414339 29864 22595
1.679662656 0.002694101082336 29868 22569
1.684661652 0.00269423343016883 29869 22792
1.689660648 0.00269485795704268 29875 22770
1.694659644 0.00269562294644348 29883 22742
1.69965864 0.00269687648176488 29897 22711
1.704657636 0.00269820892324057 29911 22917
1.709656632 0.00269994652290888 29929 22876
1.714655628 0.00270255039336793 29959 22822
1.719654624 0.00270591674050078 29994 22762
1.72465362 0.00270897109613685 30028 22956
1.729652616 0.00271206154366981 30065 22900
1.734651612 0.00271622897210033 30111 22836
1.739650608 0.00272032197595026 30159 22761
1.744649604 0.00272563717673854 30213 22953
1.7496486 0.00273156821319344 30280 22866
1.754647596 0.00273708960988204 30341 22784
1.759646592 0.00274282114016435 30407 22706
1.764645588 0.00274982134739568 30481 22872
1.769644584 0.00275742394557254 30562 22768
1.77464358 0.00276503717117052 30647 22664
1.779642576 0.00277292517597497 30734 22558
1.784641572 0.00278169147132486 30826 22713
1.789640568 0.00278999274901603 30918 22602
1.794639564 0.00279991102635721 31027 22477
1.79963856 0.00280984974272017 31129 22355
1.804637556 0.00281907018900032 31230 22503
1.809636552 0.00283000752398685 31345 22363
1.814635548 0.00284081811310766 31457 22233
1.819634544 0.00285254871927072 31581 22095
1.82463354 0.00286648472742795 31737 22192
1.829632536 0.00288062526721177 31882 22017
1.834631532 0.00289456436460912 32033 21835
1.839630528 0.00290948948436223 32194 21653
1.844629524 0.00292521734968675 32366 21742
1.84962852 0.00294103366082607 32534 21559
1.854627516 0.00295860994686936 32724 21345
1.859626512 0.0029764167728953 32924 21117
1.864625508 0.00299402609422815 33110 21181
1.869624504 0.00301352437711753 33313 20957
1.8746235 0.00303372551652193 33530 20719
1.879622496 0.00305319694260197 33745 20489
1.884621492 0.00307409757734113 33970 20492
1.889620488 0.00309513534605979 34197 20247
1.894619484 0.00311680575634642 34431 19986
1.89961848 0.00313613193375284 34643 19737
1.904617476 0.00315687000266956 34873 19747
1.909616472 0.00317727764254725 35096 19510
1.914615468 0.00319724179154861 35320 19254
1.919614464 0.00321611663532474 35525 19031
1.92461346 0.00323382109220012 35713 19099
1.929612456 0.00325060383512672 35901 18893
1.934611452 0.003266555583339 36083 18689
1.939610448 0.0032802803375091 36238 18505
1.944609444 0.00329311502068641 36382 18577
1.94960844 0.00330442451120878 36511 18430
1.954607436 0.00331435229557766 36628 18286
1.959606432 0.00332321542337661 36728 18163
1.964605428 0.00333115717443256 36815 18293
1.969604424 0.00333785768186196 36892 18194
1.97460342 0.00334409259511952 36959 18100
1.979602416 0.00334940667551438 37017 18021
1.984601412 0.00335328591265017 37061 18185
1.989600408 0.00335668274971278 37101 18129
1.994599404 0.00335982609504397 37135 18060
1.9995984 0.00336261212189396 37168 18008
2.004597396 0.00336457523609093 37190 18165
2.009596392 0.00336677506875079 37212 18115
2.014595388 0.0033682342560922 37229 18071
2.019594384 0.00336912235823829 37241 18038
2.02459338 0.00336997073536708 37251 18196
2.029592376 0.00337038400825381 37256 18170
2.034591372 0.00337055804995063 37258 18141
2.039590368 0.00337055804995063 37258 18121
2.044589364 0.00337055804995063 37258 18243
2.04958836 0.00337055804995063 37258 18206
2.054587356 0.00337055804995063 37258 18183
2.059586352 0.00337055804995063 37258 18167
2.064585348 0.00337055804995063 37258 18279
2.069584344 0.00337055804995063 37258 18250
2.07458334 0.00337055804995063 37258 18224
2.079582336 0.00337055804995063 37258 18198
2.084581332 0.00337055804995063 37258 18310
2.089580328 0.00337055804995063 37258 18285
2.094579324 0.00337055804995063 37258 18269
2.09957832 0.00337055804995063 37258 18242
2.104577316 0.00337055804995063 37258 18337
2.109576312 0.00337055804995063 37258 18314
2.114575308 0.00337055804995063 37258 18293
2.119574304 0.00337055804995063 37258 18283
2.1245733 0.00337055804995063 37258 18361
2.129572296 0.00337055804995063 37258 18336
2.134571292 0.00337055804995063 37258 18315
2.139570288 0.00337055804995063 37258 18301
2.144569284 0.00337055804995063 37258 18383
2.14956828 0.00337055804995063 37258 18363
2.154567276 0.00337055804995063 37258 18344
2.159566272 0.00337055804995063 37258 18322
2.164565268 0.00337055804995063 37258 18403
2.169564264 0.00337055804995063 37258 18384
2.17456326 0.00337055804995063 37258 18358
2.179562256 0.00337055804995063 37258 18333
2.184561252 0.00337055804995063 37258 18413
2.189560248 0.00337055804995063 37258 18397
2.194559244 0.00337055804995063 37258 18377
2.19955824 0.00337055804995063 37258 18358
2.204557236 0.00337055804995063 37258 18436
2.209556232 0.00337055804995063 37258 18422
2.214555228 0.00337055804995063 37258 18404
2.219554224 0.00337055804995063 37258 18386
2.22455322 0.00337055804995063 37258 18473
2.229552216 0.00337055804995063 37258 18451
2.234551212 0.00337055804995063 37258 18429
2.239550208 0.00337055804995063 37258 18412
2.244549204 0.00337055804995063 37258 18515
2.2495482 0.00337055804995063 37258 18495
2.254547196 0.00337055804995063 37258 18474
2.259546192 0.00337055804995063 37258 18455
2.264545188 0.00337055804995063 37258 18552
2.269544184 0.00337055804995063 37258 18533
2.27454318 0.00337055804995063 37258 18505
2.279542176 0.00337055804995063 37258 18486
2.284541172 0.00337055804995063 37258 18582
2.289540168 0.00337055804995063 37258 18562
2.294539164 0.00337055804995063 37258 18543
2.29953816 0.00337055804995063 37258 18520
2.304537156 0.00337055804995063 37258 18619
2.309536152 0.00337055804995063 37258 18610
2.314535148 0.00337055804995063 37258 18597
2.319534144 0.00337055804995063 37258 18581
2.32453314 0.00337055804995063 37258 18698
2.329532136 0.00337055804995063 37258 18679
2.334531132 0.00337055804995063 37258 18666
2.339530128 0.00337055804995063 37258 18650
2.344529124 0.00337055804995063 37258 18766
2.34952812 0.00337055804995063 37258 18757
2.354527116 0.00337055804995063 37258 18736
2.359526112 0.00337055804995063 37258 18730
2.364525108 0.00337055804995063 37258 18855
2.369524104 0.00337055804995063 37258 18841
2.3745231 0.00337055804995063 37258 18827
2.379522096 0.00337055804995063 37258 18819
2.384521092 0.00337055804995063 37258 18934
2.389520088 0.00337055804995063 37258 18920
2.394519084 0.00337055804995063 37258 18909
2.39951808 0.00337055804995063 37258 18897
2.404517076 0.00337055804995063 37258 19019
2.409516072 0.00337055804995063 37258 19015
2.414515068 0.00337055804995063 37258 19006
2.419514064 0.00337055804995063 37258 18994
2.42451306 0.00337055804995063 37258 19120
2.429512056 0.00337055804995063 37258 19111
2.434511052 0.00337055804995063 37258 19106
2.439510048 0.00337055804995063 37258 19096
2.444509044 0.00337055804995063 37258 19228
2.44950804 0.00337055804995063 37258 19225
2.454507036 0.00337055804995063 37258 19215
2.459506032 0.00337055804995063 37258 19208
2.464505028 0.00337055804995063 37258 19352
2.469504024 0.00337055804995063 37258 19343
2.47450302 0.00337055804995063 37258 19332
2.479502016 0.00337055804995063 37258 19319
2.484501012 0.00337055804995063 37258 19468
2.489500008 0.00337055804995063 37258 19458
2.494499004 0.00337055804995063 37258 19443
2.499498 0.00337055804995063 37258 19434
2.504496996 0.00337055804995063 37258 19599
2.509495992 0.00337055804995063 37258 19590
2.514494988 0.00337055804995063 37258 19577
2.519493984 0.00337055804995063 37258 19555
2.52449298 0.00337055804995063 37258 19697
2.529491976 0.00337055804995063 37258 19681
2.534490972 0.00337055804995063 37258 19664
2.539489968 0.00337055804995063 37258 19656
2.544488964 0.00337055804995063 37258 19819
2.54948796 0.00337055804995063 37258 19809
2.554486956 0.00337055804995063 37258 19797
2.559485952 0.00337055804995063 37258 19784
2.564484948 0.00337055804995063 37258 19973
2.569483944 0.00337055804995063 37258 19950
2.57448294 0.00337055804995063 37258 19936
2.579481936 0.00337055804995063 37258 19921
2.584480932 0.00337055804995063 37258 20117
2.589479928 0.00337055804995063 37258 20104
2.594478924 0.00337055804995063 37258 20092
2.59947792 0.00337055804995063 37258 20075
2.604476916 0.00337055804995063 37258 20262
2.609475912 0.00337055804995063 37258 20247
2.614474908 0.00337055804995063 37258 20222
2.619473904 0.00337055804995063 37258 20206
2.6244729 0.00337055804995063 37258 20422
2.629471896 0.00337055804995063 37258 20409
2.634470892 0.00337055804995063 37258 20389
2.639469888 0.00337055804995063 37258 20381
2.644468884 0.00337055804995063 37258 20595
2.64946788 0.00337055804995063 37258 20570
2.654466876 0.00337055804995063 37258 20545
2.659465872 0.00337055804995063 37258 20531
2.664464868 0.00337055804995063 37258 20751
2.669463864 0.00337055804995063 37258 20735
2.67446286 0.00337073209164746 37260 20711
2.679461856 0.00337086443948029 37261 20677
2.684460852 0.00337100490200724 37263 20891
2.689459848 0.00337135661852131 37266 20872
2.694458844 0.00337234097660335 37276 20840
2.69945784 0.00337293640588102 37284 20806
2.704456836 0.00337418545962872 37296 21021
2.709455832 0.00337550615328988 37310 20985
2.714454828 0.00337694099654895 37324 20951
2.719453824 0.00337919427088735 37347 20907
2.72445282 0.00338228444648015 37373 21125
2.729451816 0.003385606587022 37404 21062
2.734450812 0.0033894662335893 37440 21003
2.739449808 0.00339241119314131 37469 20951
2.744448804 0.00339628455636983 37504 21152
2.7494478 0.00340088036668189 37543 21086
2.754446796 0.00340594374001247 37591 20995
2.759445792 0.00341200518808632 37648 20920
2.764444788 0.00341743762771263 37697 21110
2.769443784 0.00342501394559327 37764 21031
2.77444278 0.00343110533971659 37822 20943
2.779441776 0.00343800172019815 37883 20855
2.784440772 0.00344606573554612 37953 21014
2.789439768 0.00345603327756511 38042 20911
2.794438764 0.00346526940935319 38123 20800
2.79943776 0.00347554055623468 38219 20684
2.804436756 0.00348619699880014 38318 20820
2.809435752 0.00349723676820286 38421 20690
2.814434748 0.00350911147001328 38528 20550
2.819433744 0.0035226759317806 38650 20410
2.82443274 0.00353648410631151 38777 20527
2.829431736 0.00355056427538173 38910 20368
2.834430732 0.00356554819947316 39047 20198
2.839429728 0.00357986787167344 39176 20041
2.844428724 0.00359660423248782 39326 20142
2.84942772 0.00361320237156212 39484 19969
2.854426716 0.00363036711425803 39645 19776
2.859425712 0.00364667173201062 39796 19602
2.864424708 0.00366551642306276 39965 19687
2.869423704 0.00368459504791066 40138 19493
2.8744227 0.00370347250231223 40310 19301
2.879421696 0.0037210074316973 40468 19126
2.884420692 0.00374194255932525 40654 19167
2.889419688 0.00376163481168573 40836 18980
2.894418684 0.00378241131118463 41025 18774
2.89941768 0.00380314329951957 41211 18574
2.904416676 0.00382406667933299 41397 18621
2.909415672 0.00384294579800829 41569 18429
2.914414668 0.00386309746606037 41753 18231
2.919413664 0.00388091695361975 41914 18052
2.92441266 0.00389797844607902 42072 18131
2.929411656 0.00391453767595646 42225 17960
2.934410652 0.00392868303451975 42359 17797
2.939409648 0.00394157540164194 42483 17650
2.944408644 0.0039538342787429 42597 17763
2.94940764 0.00396403741883136 42690 17642
2.954406636 0.00397385862441613 42786 17523
2.959405632 0.00398227605318472 42865 17420
2.964404628 0.00398953871529486 42931 17565
2.969403624 0.00399641608172104 42994 17472
2.97440262 0.00400119323260359 43039 17408
2.979401616 0.00400604368767331 43086 17343
2.984400612 0.00401017811344707 43124 17495
2.989399608 0.00401400166811748 43157 17429
2.994398604 0.00401691865046673 43184 17375
2.9993976 0.00401893466246193 43203 17333
3.004396596 0.00402113198239479 43222 17447
3.009395592 0.00402310993364642 43239 17411
3.014394588 0.00402416508318864 43248 17380
3.019393584 0.00402500086404962 43255 17343
3.02439258 0.00402574962406219 43261 17535
3.029391576 0.00402588197189502 43262 17513
3.034390572 0.00402588197189502 43262 17484
3.039389568 0.00402588197189502 43262 17456
3.044388564 0.00402588197189502 43262 17611
3.04938756 0.00402588197189502 43262 17591
3.054386556 0.00402588197189502 43262 17571
3.059385552 0.00402588197189502 43262 17551
3.064384548 0.00402588197189502 43262 17667
3.069383544 0.00402588197189502 43262 17650
3.07438254 0.00402588197189502 43262 17619
3.079381536 0.00402588197189502 43262 17601
3.084380532 0.00402588197189502 43262 17695
3.089379528 0.00402588197189502 43262 17675
3.094378524 0.00402588197189502 43262 17650
3.09937752 0.00402588197189502 43262 17626
3.104376516 0.00402588197189502 43262 17736
3.109375512 0.00402588197189502 43262 17711
3.114374508 0.00402588197189502 43262 17696
3.119373504 0.00402588197189502 43262 17676
3.1243725 0.00402588197189502 43262 17767
3.129371496 0.00402588197189502 43262 17738
3.134370492 0.00402588197189502 43262 17720
3.139369488 0.00402588197189502 43262 17696
3.144368484 0.00402588197189502 43262 17758
3.14936748 0.00402588197189502 43262 17737
3.154366476 0.00402588197189502 43262 17710
3.159365472 0.00402588197189502 43262 17682
3.164364468 0.00402588197189502 43262 17707
3.169363464 0.00402588197189502 43262 17686
3.17436246 0.00402588197189502 43262 17658
3.179361456 0.00402588197189502 43262 17636
3.184360452 0.00402588197189502 43262 17649
3.189359448 0.00402588197189502 43262 17634
3.194358444 0.00402588197189502 43262 17616
3.19935744 0.00402588197189502 43262 17594
3.204356436 0.00402588197189502 43262 17601
3.209355432 0.00402588197189502 43262 17581
3.214354428 0.00402588197189502 43262 17560
3.219353424 0.00402588197189502 43262 17530
3.22435242 0.00402588197189502 43262 17530
3.229351416 0.00402588197189502 43262 17512
3.234350412 0.00402588197189502 43262 17500
3.239349408 0.00402588197189502 43262 17487
3.244348404 0.00402588197189502 43262 17498
3.2493474 0.00402588197189502 43262 17492
3.254346396 0.00402588197189502 43262 17472
3.259345392 0.00402588197189502 43262 17453
3.264344388 0.00402588197189502 43262 17452
3.269343384 0.00402588197189502 43262 17433
3.27434238 0.00402588197189502 43262 17425
3.279341376 0.00402588197189502 43262 17416
3.284340372 0.00402588197189502 43262 17412
3.289339368 0.00402588197189502 43262 17404
3.294338364 0.00402588197189502 43262 17395
3.29933736 0.00402588197189502 43262 17387
3.304336356 0.00402588197189502 43262 17395
3.309335352 0.00402588197189502 43262 17385
3.314334348 0.00402588197189502 43262 17373
3.319333344 0.00402588197189502 43262 17367
3.32433234 0.00402588197189502 43262 17374
3.329331336 0.00402588197189502 43262 17364
3.334330332 0.00402588197189502 43262 17360
3.339329328 0.00402588197189502 43262 17356
3.344328324 0.00402588197189502 43262 17360
3.34932732 0.00402588197189502 43262 17358
3.354326316 0.00402588197189502 43262 17355
3.359325312 0.00402588197189502 43262 17350
3.364324308 0.00402588197189502 43262 17353
3.369323304 0.00402588197189502 43262 17349
3.3743223 0.00402588197189502 43262 17347
3.379321296 0.00402588197189502 43262 17345
3.384320292 0.00402588197189502 43262 17347
3.389319288 0.00402588197189502 43262 17343
3.394318284 0.00402588197189502 43262 17340
3.39931728 0.00402588197189502 43262 17339
3.404316276 0.00402588197189502 43262 17345
3.409315272 0.00402588197189502 43262 17343
3.414314268 0.00402588197189502 43262 17342
3.419313264 0.00402588197189502 43262 17340
