# outlet exits reconstructed from dumps by audit_outlet.py: t_s mass_kg n_out n_atoms
0.000000 0.000000e+00 0 28905
0.039991 0.000000e+00 0 28882
0.079982 0.000000e+00 0 28150
0.119974 0.000000e+00 0 27793
0.159965 0.000000e+00 0 27610
0.199956 3.181373e-07 3 27463
0.239947 3.181373e-07 3 27288
0.279938 8.637581e-07 9 26962
0.319929 1.583420e-06 17 26467
0.359921 3.510443e-06 36 25911
0.399912 6.004917e-06 61 25589
0.439903 8.752339e-06 88 25450
0.479894 1.149779e-05 116 25378
0.519885 1.345279e-05 137 25332
0.559876 1.566074e-05 160 25291
0.599868 1.882561e-05 195 25256
0.639859 2.097900e-05 221 25239
0.679850 2.295135e-05 240 25248
0.719841 2.468334e-05 260 25266
0.759832 2.617974e-05 276 25277
0.799823 2.746126e-05 292 25293
0.839815 2.826234e-05 303 25308
0.879806 2.858859e-05 307 25340
0.919797 2.997447e-05 322 25360
0.959788 3.090539e-05 331 25390
0.999779 3.140568e-05 337 25429
1.039770 3.176551e-05 341 25459
1.079762 3.189786e-05 342 25493
1.119753 3.289845e-05 354 25513
1.159744 3.440857e-05 369 25548
1.199735 3.499951e-05 375 25626
1.239726 3.558683e-05 382 25727
1.279717 3.558683e-05 382 25843
1.319709 3.558683e-05 382 25964
1.359700 3.558683e-05 382 26082
1.399691 3.558683e-05 382 26201
1.439682 3.558683e-05 382 26316
1.479673 3.558683e-05 382 26437
1.519664 3.558683e-05 382 26544
