# Fix print output for fix logmf
0.004998996 0 0 28905
0.009997992 0 0 28905
0.014996988 0 0 28905
0.019995984 0 0 28905
0.02499498 0 0 28972
0.029993976 0 0 28972
0.034992972 0 0 28962
0.039991968 0 0 28882
0.044990964 0 0 28822
0.04998996 0 0 28678
0.054988956 0 0 28565
0.059987952 0 0 28469
0.064986948 0 0 28428
0.069985944 0 0 28323
0.07498494 0 0 28239
0.079983936 0 0 28150
0.084982932 0 0 28136
0.089981928 0 0 28068
0.094980924 0 0 28008
0.09997992 0 0 27937
0.104978916 0 0 27950
0.109977912 0 0 27899
0.114976908 0 0 27850
0.119975904 0 0 27793
0.1249749 0 0 27811
0.129973896 0 0 27777
0.134972892 0 0 27749
0.139971888 0 0 27697
0.144970884 0 0 27729
0.14996988 0 0 27694
0.154968876 0 0 27656
0.159967872 0 0 27610
0.164966868 0 0 27635
0.169965864 0 0 27600
0.17496486 1.85789511363148e-07 2 27566
0.179963856 1.85789511363148e-07 2 27517
0.184962852 1.85789511363148e-07 2 27557
0.189961848 1.85789511363148e-07 2 27521
0.194960844 1.85789511363148e-07 2 27495
0.19995984 1.85789511363148e-07 2 27463
0.204958836 1.85789511363148e-07 2 27504
0.209957832 1.85789511363148e-07 2 27469
0.214956828 1.85789511363148e-07 2 27429
0.219955824 1.85789511363148e-07 2 27383
0.22495482 1.85789511363148e-07 2 27412
0.229953816 1.85789511363148e-07 2 27365
0.234952812 1.85789511363148e-07 2 27330
0.239951808 1.85789511363148e-07 2 27288
0.244950804 1.85789511363148e-07 2 27297
0.2499498 1.85789511363148e-07 2 27256
0.254948796 1.85789511363148e-07 2 27210
0.259947792 1.85789511363148e-07 2 27139
0.264946788 1.85789511363148e-07 2 27148
0.269945784 3.18137344194262e-07 3 27088
0.27494478 3.18137344194262e-07 3 27027
0.279943776 3.18137344194262e-07 3 26962
0.284942772 3.18137344194262e-07 3 26966
0.289941768 3.18137344194262e-07 3 26894
0.294940764 4.50485177025376e-07 4 26826
0.29993976 5.8283300985649e-07 5 26750
0.304938756 5.8283300985649e-07 5 26735
0.309937752 5.8283300985649e-07 5 26648
0.314936748 8.1031638521583e-07 8 26559
0.319935744 8.97337233629482e-07 9 26467
0.32493474 9.84358082043135e-07 10 26449
0.329933736 1.11670591487425e-06 11 26358
0.334932732 1.17014759340628e-06 12 26265
0.339931728 1.27703095047035e-06 14 26180
0.344930724 1.62874746454623e-06 17 26154
0.34992972 1.76109529737735e-06 18 26091
0.354928716 2.06748482703577e-06 21 26003
0.359927712 2.33218049269799e-06 23 25911
0.364926708 2.33218049269799e-06 23 25912
0.369925704 2.59687615836022e-06 25 25843
0.3749247 2.65031783689226e-06 26 25778
0.379923696 3.18782386233129e-06 31 25725
0.384922692 3.53954037640717e-06 34 25733
0.389921688 3.71358207323447e-06 36 25683
0.394920684 3.80060292164813e-06 37 25632
0.39991968 3.93295075447924e-06 38 25589
0.404918676 4.15231943572401e-06 40 25607
0.409917672 4.23934028413766e-06 41 25563
0.414916668 4.50403594979989e-06 43 25533
0.419915664 4.76509849504084e-06 46 25496
0.42491466 4.89744632787196e-06 47 25532
0.429913656 5.17025668764876e-06 50 25503
0.434912652 5.38962536889352e-06 52 25475
0.439911648 5.7830357469656e-06 56 25450
0.444910644 5.91538357979671e-06 57 25492
0.44990964 6.22177310945513e-06 60 25463
0.454908636 6.36223563640082e-06 62 25440
0.459907632 6.66862516605923e-06 65 25416
0.464906628 6.887993847304e-06 67 25450
0.469905624 7.15268951296623e-06 69 25422
0.47490462 7.29315203991191e-06 71 25408
0.479903616 7.48705624538964e-06 74 25378
0.484902612 7.7064249266344e-06 76 25426
0.489901608 8.15691010365978e-06 80 25392
0.494900604 8.29737263060547e-06 82 25372
0.4998996 8.38439347901912e-06 83 25358
0.504898596 8.64908914468135e-06 85 25404
0.509897592 8.75597250174542e-06 87 25373
0.514896588 8.75597250174542e-06 87 25355
0.519895584 8.75597250174542e-06 87 25332
0.52489458 8.75597250174542e-06 87 25377
0.529893576 8.75597250174542e-06 87 25352
0.534892572 8.75597250174542e-06 87 25334
0.539891568 8.8964350286911e-06 89 25315
0.544890564 9.11580370993587e-06 91 25358
0.54988956 9.34328708529521e-06 94 25332
0.554888556 9.70311829348566e-06 98 25310
0.559887552 1.00548348075615e-05 101 25291
0.564886548 1.01617181646256e-05 103 25337
0.569885544 1.03475076759888e-05 105 25312
0.57488454 1.08595492256607e-05 111 25291
0.579883536 1.12982865881503e-05 115 25270
0.584882532 1.1438749115096e-05 117 25318
0.589881528 1.1976255140535e-05 122 25294
0.594880524 1.21620446518981e-05 124 25274
0.59987952 1.25590881503915e-05 127 25256
0.604878516 1.27983193402867e-05 130 25296
0.609877512 1.2972361037114e-05 132 25282
0.614876508 1.30593818855276e-05 133 25266
0.619875504 1.34726547722501e-05 138 25242
0.6248745 1.3798906810559e-05 142 25292
0.629873496 1.3852348489091e-05 143 25272
0.634872492 1.40263901859183e-05 145 25257
0.639871488 1.40798318644503e-05 146 25239
0.644870484 1.4166852712864e-05 147 25295
0.64986948 1.45720109054719e-05 151 25272
0.654868476 1.4757800416835e-05 153 25258
0.659867472 1.4757800416835e-05 153 25244
0.664866468 1.52871917481595e-05 157 25293
0.669865464 1.53742125965732e-05 158 25279
0.67486446 1.55935812778179e-05 160 25264
0.679863456 1.55935812778179e-05 160 25248
0.684862452 1.55935812778179e-05 160 25302
0.689861448 1.564702295635e-05 161 25292
0.694860444 1.58745063317093e-05 164 25276
0.69985944 1.60938750129541e-05 166 25254
0.704858436 1.62262228457852e-05 167 25308
0.709857432 1.64455915270299e-05 169 25292
0.714856428 1.65860540539756e-05 171 25280
0.719855424 1.65860540539756e-05 171 25266
0.72485442 1.67184018868067e-05 172 25313
0.729853416 1.68252852438708e-05 174 25301
0.734852412 1.70980956036476e-05 177 25286
0.739851408 1.72304434364787e-05 178 25273
0.744850404 1.72304434364787e-05 178 25325
0.7498494 1.76356016290866e-05 182 25308
0.754848396 1.76890433076187e-05 183 25298
0.759847392 1.76890433076187e-05 183 25277
0.764846388 1.7863085004446e-05 185 25329
0.769845384 1.79501058528596e-05 186 25317
0.77484438 1.80824536856907e-05 187 25305
0.779843376 1.82763578911685e-05 190 25290
0.784842372 1.85237037751782e-05 194 25338
0.789841368 1.86107246235919e-05 195 25324
0.794840364 1.86641663021239e-05 196 25301
0.79983936 1.86641663021239e-05 196 25293
0.804838356 1.8796514134955e-05 197 25344
0.809837352 1.8796514134955e-05 197 25330
0.814836348 1.8796514134955e-05 197 25316
0.819835344 1.8796514134955e-05 197 25304
0.82483434 1.8796514134955e-05 197 25350
0.829833336 1.89705558317823e-05 199 25332
0.834832332 1.9111018358728e-05 201 25318
0.839831328 1.9111018358728e-05 201 25308
0.844830324 1.9111018358728e-05 201 25367
0.84982932 1.9111018358728e-05 201 25352
0.854828316 1.9111018358728e-05 201 25339
0.859827312 1.9111018358728e-05 201 25328
0.864826308 1.9111018358728e-05 201 25380
0.869825304 1.9111018358728e-05 201 25366
0.8748243 1.91980392071417e-05 202 25352
0.879823296 1.91980392071417e-05 202 25340
0.884822292 1.92850600555553e-05 203 25392
0.889821288 1.94591017523826e-05 205 25377
0.894820284 1.98108182664585e-05 208 25365
0.89981928 1.99848599632858e-05 210 25347
0.904818276 2.00383016418179e-05 211 25401
0.909817272 2.00917433203499e-05 212 25390
0.914816268 2.01787641687635e-05 213 25375
0.919815264 2.03111120015947e-05 214 25360
0.92481426 2.03111120015947e-05 214 25420
0.929813256 2.03111120015947e-05 214 25402
0.934812252 2.03111120015947e-05 214 25391
0.939811248 2.03111120015947e-05 214 25380
0.944810244 2.03111120015947e-05 214 25427
0.94980924 2.03111120015947e-05 214 25413
0.954808236 2.03111120015947e-05 214 25403
0.959807232 2.04434598344258e-05 215 25390
0.964806228 2.04434598344258e-05 215 25446
0.969805224 2.04434598344258e-05 215 25435
0.97480422 2.04434598344258e-05 215 25420
0.979803216 2.04434598344258e-05 215 25406
0.984802212 2.04434598344258e-05 215 25466
0.989801208 2.04434598344258e-05 215 25450
0.994800204 2.04969015129578e-05 216 25443
0.9997992 2.05503431914898e-05 217 25429
1.004798196 2.06826910243209e-05 218 25482
1.009797192 2.06826910243209e-05 218 25471
1.014796188 2.06826910243209e-05 218 25456
1.019795184 2.06826910243209e-05 218 25445
1.02479418 2.06826910243209e-05 218 25495
1.029793176 2.06826910243209e-05 218 25485
1.034792172 2.06826910243209e-05 218 25472
1.039791168 2.06826910243209e-05 218 25459
1.044790164 2.06826910243209e-05 218 25512
1.04978916 2.06826910243209e-05 218 25499
1.054788156 2.06826910243209e-05 218 25487
1.059787152 2.06826910243209e-05 218 25476
1.064786148 2.06826910243209e-05 218 25528
1.069785144 2.06826910243209e-05 218 25518
1.07478414 2.06826910243209e-05 218 25507
1.079783136 2.06826910243209e-05 218 25493
1.084782132 2.06826910243209e-05 218 25547
1.089781128 2.0736132702853e-05 219 25527
1.094780124 2.08231535512666e-05 220 25519
1.09977912 2.08231535512666e-05 220 25501
1.104778116 2.09971952480939e-05 222 25554
1.109777112 2.12364264379891e-05 225 25539
1.114776108 2.14104681348164e-05 227 25526
1.119775104 2.15428159676475e-05 228 25513
1.1247741 2.17286054790107e-05 230 25562
1.129773096 2.19143949903738e-05 232 25549
1.134772092 2.20884366872011e-05 234 25540
1.139771088 2.20884366872011e-05 234 25521
1.144770084 2.20884366872011e-05 234 25578
1.14976908 2.20884366872011e-05 234 25564
1.154768076 2.20884366872011e-05 234 25557
1.159767072 2.20884366872011e-05 234 25548
1.164766068 2.2440153201277e-05 237 25605
1.169765064 2.2440153201277e-05 237 25600
1.17476406 2.2440153201277e-05 237 25592
1.179763056 2.2440153201277e-05 237 25588
1.184762052 2.2440153201277e-05 237 25648
1.189761048 2.2493594879809e-05 238 25642
1.194760044 2.2493594879809e-05 238 25636
1.19975904 2.2493594879809e-05 238 25626
1.204758036 2.2493594879809e-05 238 25691
1.209757032 2.25806157282227e-05 239 25686
1.214756028 2.25806157282227e-05 239 25683
1.219755024 2.26676365766364e-05 240 25676
1.22475402 2.27210782551684e-05 241 25741
1.229753016 2.27210782551684e-05 241 25738
1.234752012 2.27210782551684e-05 241 25734
1.239751008 2.28534260879995e-05 242 25727
1.244750004 2.28534260879995e-05 242 25792
1.249749 2.28534260879995e-05 242 25789
1.254747996 2.28534260879995e-05 242 25786
1.259746992 2.28534260879995e-05 242 25784
1.264745988 2.28534260879995e-05 242 25849
1.269744984 2.28534260879995e-05 242 25846
1.27474398 2.28534260879995e-05 242 25845
1.279742976 2.28534260879995e-05 242 25843
1.284741972 2.28534260879995e-05 242 25909
1.289740968 2.28534260879995e-05 242 25909
1.294739964 2.28534260879995e-05 242 25907
1.29973896 2.28534260879995e-05 242 25906
1.304737956 2.28534260879995e-05 242 25971
1.309736952 2.28534260879995e-05 242 25966
1.314735948 2.28534260879995e-05 242 25966
1.319734944 2.28534260879995e-05 242 25964
1.32473394 2.28534260879995e-05 242 26029
1.329732936 2.28534260879995e-05 242 26028
1.334731932 2.28534260879995e-05 242 26026
1.339730928 2.28534260879995e-05 242 26025
1.344729924 2.28534260879995e-05 242 26089
1.34972892 2.28534260879995e-05 242 26085
1.354727916 2.28534260879995e-05 242 26084
1.359726912 2.28534260879995e-05 242 26082
1.364725908 2.28534260879995e-05 242 26148
1.369724904 2.28534260879995e-05 242 26143
1.3747239 2.28534260879995e-05 242 26141
1.379722896 2.28534260879995e-05 242 26139
1.384721892 2.28534260879995e-05 242 26202
1.389720888 2.28534260879995e-05 242 26202
1.394719884 2.28534260879995e-05 242 26202
1.39971888 2.28534260879995e-05 242 26201
1.404717876 2.28534260879995e-05 242 26266
1.409716872 2.28534260879995e-05 242 26264
1.414715868 2.28534260879995e-05 242 26263
1.419714864 2.28534260879995e-05 242 26262
1.42471386 2.28534260879995e-05 242 26325
1.429712856 2.28534260879995e-05 242 26323
1.434711852 2.28534260879995e-05 242 26318
1.439710848 2.28534260879995e-05 242 26316
1.444709844 2.28534260879995e-05 242 26379
1.44970884 2.28534260879995e-05 242 26378
1.454707836 2.28534260879995e-05 242 26376
1.459706832 2.28534260879995e-05 242 26373
1.464705828 2.28534260879995e-05 242 26439
1.469704824 2.28534260879995e-05 242 26438
1.47470382 2.28534260879995e-05 242 26438
1.479702816 2.28534260879995e-05 242 26437
1.484701812 2.28534260879995e-05 242 26500
1.489700808 2.28534260879995e-05 242 26496
1.494699804 2.28534260879995e-05 242 26496
1.4996988 2.28534260879995e-05 242 26491
1.504697796 2.28534260879995e-05 242 26554
1.509696792 2.28534260879995e-05 242 26553
1.514695788 2.28534260879995e-05 242 26547
1.519694784 2.28534260879995e-05 242 26544
