# Fix print output for fix logmf
0.00500411 0 0 5134
0.01000822 0 0 5134
0.01501233 0 0 5134
0.02001644 0 0 5190
0.02502055 0 0 5190
0.03002466 0 0 5190
0.03502877 0 0 5190
0.04003288 0 0 5214
0.04503699 0 0 5208
0.0500411 0 0 5203
0.05504521 0 0 5201
0.06004932 0 0 5206
0.06505343 0 0 5202
0.07005754 0 0 5197
0.07506165 0 0 5195
0.08006576 0 0 5204
0.08506987 0 0 5202
0.09007398 0 0 5202
0.09507809 0 0 5200
0.1000822 0 0 5207
0.10508631 0 0 5206
0.11009042 0 0 5203
0.11509453 0 0 5203
0.12009864 0 0 5207
0.12510275 0 0 5206
0.13010686 0 0 5206
0.13511097 0 0 5206
0.14011508 0 0 5218
0.14511919 0 0 5218
0.1501233 1.89875069855992e-07 3 5214
0.15512741 4.59286653810015e-07 6 5210
0.16013152 7.28698237764039e-07 9 5226
0.16513563 9.48731224611201e-07 11 5224
0.17013974 1.05179117161221e-06 12 5222
0.17514385 1.15485111861323e-06 13 5221
0.18014796 1.46403095961627e-06 16 5240
0.18515207 1.46403095961627e-06 16 5240
0.19015618 1.62077225651143e-06 17 5238
0.19516029 1.78712389346444e-06 19 5235
0.2001644 1.99324378746647e-06 21 5261
0.20516851 2.31633672131465e-06 24 5258
0.21017262 2.31633672131465e-06 24 5257
0.21517673 2.47307801820981e-06 25 5254
0.22018084 2.47307801820981e-06 25 5298
0.22518495 2.57613796521082e-06 26 5297
0.23018906 2.79617095205799e-06 28 5294
0.23519317 2.95291224895315e-06 29 5291
0.24019728 3.05597219595417e-06 30 5339
0.24520139 3.15903214295518e-06 31 5336
0.2502055 3.41883338685136e-06 33 5333
0.25520961 3.41883338685136e-06 33 5332
0.26021372 3.57557468374653e-06 34 5380
0.26521783 3.57557468374653e-06 34 5378
0.27022194 3.73231598064169e-06 35 5374
0.27522605 3.79560767059369e-06 36 5368
0.28023016 3.92219105049768e-06 38 5420
0.28523427 3.92219105049768e-06 38 5415
0.29023838 4.04877443040168e-06 40 5406
0.29524249 4.46531697119302e-06 43 5401
0.3002466 4.56837691819404e-06 44 5449
0.30525071 4.7251182150892e-06 45 5445
0.31025482 5.29840205277571e-06 49 5437
0.31525893 5.40146199977673e-06 50 5431
0.32026304 5.40146199977673e-06 50 5479
0.32526715 5.7245549336249e-06 53 5472
0.33027126 5.98435617752108e-06 55 5460
0.33527537 6.0874161245221e-06 56 5455
0.34027948 6.41050905837027e-06 59 5501
0.34528359 6.56725035526544e-06 60 5492
0.3502877 6.7239916521606e-06 61 5483
0.35529181 6.93011154616263e-06 63 5477
0.36029592 7.03317149316364e-06 64 5522
0.36530003 7.23929138716567e-06 66 5513
0.37030414 7.40564302411868e-06 68 5505
0.37530825 7.5087029711197e-06 69 5494
0.38031236 7.61176291812071e-06 70 5545
0.38531647 7.71482286512172e-06 71 5541
0.39032058 7.71482286512172e-06 71 5534
0.39532469 7.81788281212273e-06 72 5527
0.4003288 8.39116664980924e-06 76 5576
0.40533291 8.39116664980924e-06 76 5572
0.41033702 8.6111996366564e-06 78 5564
0.41534113 8.6111996366564e-06 78 5559
0.42034524 8.6111996366564e-06 78 5609
0.42534935 8.6111996366564e-06 78 5604
0.43035346 8.6111996366564e-06 78 5603
0.43535757 8.6111996366564e-06 78 5590
0.44036168 8.71425958365742e-06 79 5640
0.44536579 8.87100088055258e-06 80 5634
0.4503699 9.09103386739974e-06 82 5624
0.45537401 9.35083511129592e-06 84 5616
0.46037812 9.35083511129592e-06 84 5670
0.46538223 9.6106363551921e-06 86 5663
0.47038634 9.6106363551921e-06 86 5659
0.47539045 9.77698799214511e-06 88 5654
0.48039456 9.93372928904027e-06 89 5708
0.48539867 1.00367892360413e-05 90 5703
0.49040278 1.05563917238336e-05 94 5696
0.49540689 1.07227433607867e-05 96 5687
0.500411 1.10458362946348e-05 99 5734
0.50541511 1.11091279845868e-05 100 5728
0.51041922 1.13152478785888e-05 102 5721
0.51542333 1.1678109069486e-05 105 5714
0.52042744 1.18348503663812e-05 106 5762
0.52543155 1.21977115572784e-05 109 5751
0.53043566 1.26775457880217e-05 113 5735
0.53543977 1.26775457880217e-05 113 5730
0.54044388 1.28975787748689e-05 115 5777
0.54544799 1.30006387218699e-05 116 5774
0.5504521 1.31036986688709e-05 117 5770
0.55545621 1.33237316557181e-05 119 5764
0.56046032 1.34267916027191e-05 120 5808
0.56546443 1.37734079694703e-05 124 5796
0.57046854 1.41597925932704e-05 128 5784
0.57547265 1.41597925932704e-05 128 5779
0.58047676 1.44828855271186e-05 131 5826
0.58548087 1.48553570580736e-05 135 5810
0.59048498 1.51151583019698e-05 137 5797
0.59548909 1.5271899598865e-05 138 5789
0.6004932 1.5541311182819e-05 141 5817
0.60549731 1.5541311182819e-05 141 5813
0.61050142 1.5770954509724e-05 144 5807
0.61550553 1.5897537889628e-05 146 5793
0.62050964 1.6166949473582e-05 149 5829
0.62551375 1.6166949473582e-05 149 5823
0.63051786 1.6373069367584e-05 151 5814
0.63552197 1.64761293145851e-05 152 5808
0.64052608 1.66660043844411e-05 155 5848
0.64553019 1.68227456813362e-05 156 5841
0.6505343 1.68860373712882e-05 157 5834
0.65553841 1.72488985621854e-05 160 5823
0.66054252 1.73519585091864e-05 161 5860
0.66554663 1.75086998060816e-05 162 5847
0.67055074 1.77148197000836e-05 164 5841
0.67555485 1.77781113900356e-05 165 5837
0.68055896 1.79444630269886e-05 167 5864
0.68556307 1.80475229739896e-05 168 5856
0.69056718 1.81108146639416e-05 169 5844
0.69557129 1.81741063538936e-05 170 5841
0.7005754 1.82771663008946e-05 171 5887
0.70557951 1.84971992877418e-05 173 5880
0.71058362 1.8717232274589e-05 175 5876
0.71558773 1.8717232274589e-05 175 5871
0.72059184 1.90307148683793e-05 177 5918
0.72559595 1.94267098322373e-05 182 5905
0.73060006 1.94267098322373e-05 182 5900
0.73560417 1.95297697792383e-05 183 5894
0.74060828 1.96865110761335e-05 184 5944
0.74561239 2.00728956999337e-05 188 5924
0.7506165 2.03423072838877e-05 191 5914
0.75562061 2.0758849824679e-05 194 5901
0.76062472 2.11356241084213e-05 197 5942
0.76562883 2.12923654053165e-05 198 5938
0.77063294 2.16058479991068e-05 200 5929
0.77563705 2.19783195300619e-05 204 5915
0.78064116 2.22381207739581e-05 206 5947
0.78564527 2.24442406679601e-05 208 5941
0.79064938 2.26642736548072e-05 210 5924
0.79565349 2.33406174394948e-05 215 5914
0.8006576 2.34039091294468e-05 216 5956
0.80566171 2.37130889704498e-05 219 5943
0.81066582 2.39427322973548e-05 222 5929
0.81566993 2.4368885178204e-05 226 5918
0.82067404 2.46286864221002e-05 228 5943
0.82567815 2.49378662631032e-05 231 5935
0.83068226 2.51976675069994e-05 233 5926
0.83568637 2.53544088038945e-05 234 5919
0.84069048 2.55207604408476e-05 236 5958
0.84569459 2.56238203878486e-05 237 5950
0.8506987 2.58299402818506e-05 239 5948
0.85570281 2.58299402818506e-05 239 5939
0.86070692 2.62560931626998e-05 243 5989
0.86571103 2.64224447996528e-05 245 5982
0.87071514 2.66424777865e-05 247 5971
0.87571925 2.66424777865e-05 247 5963
0.88072336 2.67992190833951e-05 248 6007
0.88572747 2.72694429740806e-05 251 5995
0.89073158 2.74894759609278e-05 253 5986
0.89573569 2.75925359079288e-05 254 5977
0.9007398 2.76955958549298e-05 255 6023
0.90574391 2.8018688788778e-05 258 6014
0.91074802 2.808198047873e-05 259 6007
0.91575213 2.84448416696272e-05 262 5994
0.92075624 2.85479016166282e-05 263 6039
0.92576035 2.88312262934273e-05 266 6029
0.93076446 2.89342862404284e-05 267 6020
0.93576857 2.91404061344304e-05 269 6007
0.94077268 2.94002073783266e-05 271 6052
0.94577679 2.96063272723286e-05 273 6046
0.9507809 2.96696189622806e-05 274 6034
0.95578501 2.96696189622806e-05 274 6023
0.96078912 2.97726789092816e-05 275 6068
0.96579323 3.01494531930239e-05 278 6058
0.97079734 3.01494531930239e-05 278 6050
0.97580145 3.01494531930239e-05 278 6045
0.98080556 3.02525131400249e-05 279 6095
0.98580967 3.04725461268721e-05 281 6086
0.99081378 3.04725461268721e-05 281 6074
0.99581789 3.06925791137193e-05 283 6061
1.000822 3.08589307506723e-05 285 6099
1.00582611 3.08589307506723e-05 285 6093
1.01083022 3.11187319945685e-05 287 6083
1.01583433 3.11187319945685e-05 287 6075
1.02083844 3.13248518885705e-05 289 6120
1.02584255 3.17907730264687e-05 293 6110
1.03084666 3.17907730264687e-05 293 6103
1.03585077 3.19475143233639e-05 294 6089
1.04085488 3.21536342173659e-05 296 6133
1.04585899 3.25304085011082e-05 299 6120
1.0508631 3.26334684481092e-05 300 6112
1.05586721 3.26334684481092e-05 300 6105
1.06087132 3.26334684481092e-05 300 6151
1.06587543 3.27600518280132e-05 302 6139
1.07087954 3.29167931249084e-05 303 6131
1.07588365 3.30735344218036e-05 304 6116
1.08088776 3.31765943688046e-05 305 6157
1.08589187 3.34900769625949e-05 307 6148
1.09089598 3.40192897904451e-05 312 6136
1.09590009 3.42254096844471e-05 314 6126
1.1009042 3.45485026182953e-05 317 6162
1.10590831 3.48619852120857e-05 319 6157
1.11091242 3.50283368490387e-05 321 6147
1.11591653 3.51850781459338e-05 322 6141
1.12092064 3.53911980399359e-05 324 6190
1.12592475 3.5547939336831e-05 325 6183
1.13092886 3.5547939336831e-05 325 6175
1.13593297 3.58614219306214e-05 327 6166
1.14093708 3.58614219306214e-05 327 6217
1.14594119 3.60181632275165e-05 328 6212
1.1509453 3.61212231745176e-05 329 6205
1.15594941 3.61845148644696e-05 330 6199
1.16095352 3.61845148644696e-05 330 6244
1.16595763 3.61845148644696e-05 330 6238
1.17096174 3.63412561613647e-05 331 6233
1.17596585 3.64979974582599e-05 332 6225
1.18096996 3.64979974582599e-05 332 6272
1.18597407 3.64979974582599e-05 332 6268
1.19097818 3.66010574052609e-05 333 6264
1.19598229 3.66643490952129e-05 334 6256
1.2009864 3.67276407851649e-05 335 6304
1.20599051 3.67276407851649e-05 335 6297
1.21099462 3.67276407851649e-05 335 6289
1.21599873 3.68843820820601e-05 336 6282
1.22100284 3.71677067588592e-05 339 6321
1.22600695 3.72707667058603e-05 340 6317
1.23101106 3.72707667058603e-05 340 6309
1.23601517 3.75305679497564e-05 342 6300
1.24101928 3.76336278967575e-05 343 6342
1.24602339 3.77903691936526e-05 344 6336
1.2510275 3.80501704375488e-05 346 6323
1.25603161 3.80501704375488e-05 346 6319
1.26103572 3.8309971681445e-05 348 6362
1.26603983 3.8373263371397e-05 349 6355
1.27104394 3.87994162522462e-05 353 6345
1.27604805 3.88627079421982e-05 354 6335
1.28105216 3.89259996321502e-05 355 6382
1.28605627 3.91954112161042e-05 358 6375
1.29106038 3.96450875298564e-05 363 6362
1.29606449 3.99048887737526e-05 365 6349
1.3010686 3.99048887737526e-05 365 6396
1.30607271 3.99048887737526e-05 365 6386
1.31107682 4.00616300706477e-05 366 6378
1.31608093 4.01882134505517e-05 368 6371
1.32108504 4.01882134505517e-05 368 6420
1.32608915 4.02912733975527e-05 369 6411
1.33109326 4.04576250345058e-05 371 6403
1.33609737 4.04576250345058e-05 371 6399
1.34110148 4.07409497113049e-05 374 6448
1.34610559 4.07409497113049e-05 374 6444
1.3511097 4.09073013482579e-05 376 6434
1.35611381 4.1010361295259e-05 377 6426
1.36111792 4.1176712932212e-05 379 6472
1.36612203 4.1279772879213e-05 380 6465
1.37112614 4.15395741231092e-05 382 6458
1.37613025 4.16963154200043e-05 383 6450
1.38113436 4.17596071099563e-05 384 6501
1.38613847 4.20290186939104e-05 387 6489
1.39114258 4.21556020738144e-05 389 6479
1.39614669 4.23852454007194e-05 392 6472
1.4011508 4.24485370906714e-05 393 6513
1.40615491 4.25751204705754e-05 395 6504
1.41115902 4.27414721075284e-05 397 6497
1.41616313 4.27414721075284e-05 397 6493
1.42116724 4.29078237444814e-05 399 6541
1.42617135 4.30108836914824e-05 400 6532
1.43117546 4.31676249883776e-05 401 6526
1.43617957 4.33737448823796e-05 403 6513
1.44118368 4.34370365723316e-05 404 6559
1.44618779 4.36431564663336e-05 406 6556
1.4511919 4.40295410901338e-05 410 6543
1.45619601 4.4186282387029e-05 411 6535
1.46120012 4.43430236839242e-05 412 6584
1.46620423 4.47058848748213e-05 415 6569
1.47120834 4.47691765647733e-05 416 6566
1.47621245 4.48722365117744e-05 417 6555
1.48121656 4.53616810825756e-05 422 6603
1.48622067 4.55817140694227e-05 424 6595
1.49122478 4.59584883531651e-05 427 6586
1.49622889 4.61785213400122e-05 429 6578
1.501233 4.64383225839084e-05 431 6627
1.50623711 4.65950638808036e-05 432 6619
1.51124122 4.66583555707556e-05 433 6612
1.51624533 4.69181568146518e-05 435 6601
1.52124944 4.70212167616528e-05 436 6654
1.52625355 4.70212167616528e-05 436 6649
1.53125766 4.72273366556548e-05 438 6642
1.53626177 4.73539200355588e-05 440 6635
1.54126588 4.74569799825598e-05 441 6681
1.54626999 4.7716781226456e-05 443 6677
1.5512741 4.7883132863409e-05 445 6668
1.55627821 4.7883132863409e-05 445 6660
1.56128232 4.83092857442582e-05 449 6706
1.56628643 4.84123456912592e-05 450 6696
1.57129054 4.85786973282122e-05 452 6685
1.57629465 4.87354386251074e-05 453 6679
1.58129876 4.87354386251074e-05 453 6731
1.58630287 4.88620220050114e-05 455 6723
1.59130698 4.90187633019066e-05 456 6714
1.59631109 4.91755045988017e-05 457 6709
1.6013152 4.91755045988017e-05 457 6751
1.60631931 4.94985975326499e-05 460 6742
1.61132342 4.96553388295451e-05 461 6733
1.61632753 4.96553388295451e-05 461 6729
1.62133164 4.96553388295451e-05 461 6777
1.62633575 4.96553388295451e-05 461 6770
1.63133986 5.01984647502404e-05 466 6754
1.63634397 5.03552060471356e-05 467 6743
1.64134808 5.04817894270396e-05 469 6790
1.64635219 5.04817894270396e-05 469 6783
1.6513563 5.07952720208299e-05 471 6771
1.65636041 5.08585637107819e-05 472 6763
1.66136452 5.10785966976291e-05 474 6793
1.66636863 5.13383979415253e-05 476 6786
1.67137274 5.15584309283725e-05 478 6774
1.67637685 5.22884560629541e-05 483 6762
1.68138096 5.28080585507465e-05 487 6793
1.68638507 5.31805300817015e-05 491 6780
1.69138918 5.32438217716535e-05 492 6773
1.69639329 5.35271464484527e-05 495 6763
1.7013974 5.37471794352999e-05 497 6806
1.70640151 5.41335640591001e-05 501 6795
1.71140562 5.42903053559952e-05 502 6789
1.71640973 5.42903053559952e-05 502 6783
1.72141384 5.45103383428424e-05 504 6799
1.72641795 5.46670796397376e-05 505 6787
1.73142206 5.48238209366327e-05 506 6778
1.73642617 5.50836221805289e-05 508 6772
1.74143028 5.52403634774241e-05 509 6820
1.74643439 5.53434234244251e-05 510 6815
1.7514385 5.53434234244251e-05 510 6806
1.75644261 5.55001647213203e-05 511 6803
1.76144672 5.62258871031147e-05 517 6840
1.76645083 5.62258871031147e-05 517 6827
1.77145494 5.62258871031147e-05 517 6820
1.77645905 5.62891787930667e-05 518 6810
1.78146316 5.6705721333858e-05 521 6822
1.78646727 5.68624626307532e-05 522 6813
1.79147138 5.70824956176003e-05 524 6806
1.79647549 5.71457873075523e-05 525 6800
1.8014796 5.72488472545534e-05 526 6816
1.80648371 5.72488472545534e-05 526 6810
1.81148782 5.73519072015544e-05 527 6804
1.81649193 5.77147683924516e-05 530 6797
1.82149604 5.80378613262997e-05 533 6803
1.82650015 5.80378613262997e-05 533 6800
1.83150426 5.83513439200901e-05 535 6796
1.83650837 5.84544038670911e-05 536 6789
1.84151248 5.87774968009393e-05 539 6794
1.84651659 5.88407884908913e-05 540 6790
1.8515207 5.89040801808433e-05 541 6786
1.85652481 5.90071401278443e-05 542 6782
1.86152892 5.91102000748453e-05 543 6787
1.86653303 5.91734917647973e-05 544 6782
1.87153714 5.91734917647973e-05 544 6779
1.87654125 5.91734917647973e-05 544 6777
1.88154536 5.91734917647973e-05 544 6782
1.88654947 5.91734917647973e-05 544 6777
1.89155358 5.91734917647973e-05 544 6777
1.89655769 5.91734917647973e-05 544 6774
1.9015618 5.91734917647973e-05 544 6776
1.90656591 5.91734917647973e-05 544 6775
1.91157002 5.91734917647973e-05 544 6775
1.91657413 5.91734917647973e-05 544 6773
1.92157824 5.91734917647973e-05 544 6776
1.92658235 5.91734917647973e-05 544 6776
1.93158646 5.91734917647973e-05 544 6775
1.93659057 5.91734917647973e-05 544 6773
1.94159468 5.91734917647973e-05 544 6778
1.94659879 5.91734917647973e-05 544 6777
1.9516029 5.91734917647973e-05 544 6777
1.95660701 5.91734917647973e-05 544 6776
1.96161112 5.91734917647973e-05 544 6781
1.96661523 5.91734917647973e-05 544 6781
1.97161934 5.91734917647973e-05 544 6781
1.97662345 5.91734917647973e-05 544 6781
1.98162756 5.91734917647973e-05 544 6781
1.98663167 5.91734917647973e-05 544 6779
1.99163578 5.91734917647973e-05 544 6779
1.99663989 5.91734917647973e-05 544 6779
2.001644 5.91734917647973e-05 544 6781
2.00664811 5.91734917647973e-05 544 6781
2.01165222 5.91734917647973e-05 544 6780
2.01665633 5.91734917647973e-05 544 6780
2.02166044 5.91734917647973e-05 544 6782
2.02666455 5.91734917647973e-05 544 6782
2.03166866 5.91734917647973e-05 544 6780
2.03667277 5.91734917647973e-05 544 6780
2.04167688 5.91734917647973e-05 544 6783
2.04668099 5.91734917647973e-05 544 6782
2.0516851 5.91734917647973e-05 544 6782
2.05668921 5.91734917647973e-05 544 6780
2.06169332 5.91734917647973e-05 544 6780
2.06669743 5.91734917647973e-05 544 6779
2.07170154 5.91734917647973e-05 544 6779
2.07670565 5.91734917647973e-05 544 6779
2.08170976 5.91734917647973e-05 544 6784
2.08671387 5.91734917647973e-05 544 6784
2.09171798 5.91734917647973e-05 544 6783
2.09672209 5.91734917647973e-05 544 6781
2.1017262 5.91734917647973e-05 544 6783
2.10673031 5.91734917647973e-05 544 6783
2.11173442 5.91734917647973e-05 544 6782
2.11673853 5.91734917647973e-05 544 6782
2.12174264 5.91734917647973e-05 544 6783
2.12674675 5.91734917647973e-05 544 6782
2.13175086 5.91734917647973e-05 544 6782
2.13675497 5.91734917647973e-05 544 6782
2.14175908 5.91734917647973e-05 544 6784
2.14676319 5.91734917647973e-05 544 6782
2.1517673 5.91734917647973e-05 544 6782
2.15677141 5.91734917647973e-05 544 6781
2.16177552 5.91734917647973e-05 544 6783
2.16677963 5.91734917647973e-05 544 6783
2.17178374 5.91734917647973e-05 544 6781
2.17678785 5.91734917647973e-05 544 6778
2.18179196 5.91734917647973e-05 544 6781
2.18679607 5.91734917647973e-05 544 6781
2.19180018 5.91734917647973e-05 544 6778
2.19680429 5.91734917647973e-05 544 6776
2.2018084 5.91734917647973e-05 544 6782
2.20681251 5.91734917647973e-05 544 6782
2.21181662 5.91734917647973e-05 544 6781
2.21682073 5.91734917647973e-05 544 6780
2.22182484 5.91734917647973e-05 544 6784
2.22682895 5.91734917647973e-05 544 6784
2.23183306 5.91734917647973e-05 544 6784
2.23683717 5.91734917647973e-05 544 6784
2.24184128 5.91734917647973e-05 544 6787
2.24684539 5.91734917647973e-05 544 6787
2.2518495 5.91734917647973e-05 544 6785
