# Fix print output for fix logmf
0.004998996 0 0 28905
0.009997992 0 0 28905
0.014996988 0 0 28905
0.019995984 0 0 28905
0.02499498 0 0 28972
0.029993976 0 0 28972
0.034992972 0 0 28972
0.039991968 0 0 28972
0.044990964 0 0 29034
0.04998996 0 0 29031
0.054988956 0 0 29000
0.059987952 0 0 28970
0.064986948 0 0 29003
0.069985944 0 0 28983
0.07498494 0 0 28957
0.079983936 0 0 28940
0.084982932 0 0 28996
0.089981928 0 0 28990
0.094980924 0 0 28981
0.09997992 0 0 28976
0.104978916 0 0 29036
0.109977912 0 0 29033
0.114976908 0 0 29028
0.119975904 0 0 29025
0.1249749 0 0 29090
0.129973896 0 0 29084
0.134972892 0 0 29081
0.139971888 5.34416785320344e-08 1 29079
0.144970884 5.34416785320344e-08 1 29141
0.14996988 7.81218789027514e-07 10 29128
0.154968876 1.54620818982588e-06 18 29116
0.159967872 2.2241767422106e-06 25 29103
0.164966868 3.06443917688678e-06 34 29150
0.169965864 3.39069121519561e-06 38 29136
0.17496486 3.52303904802673e-06 39 29131
0.179963856 3.92819724063464e-06 43 29122
0.184962852 4.24633458482891e-06 46 29183
0.189961848 4.55272411448732e-06 49 29177
0.194960844 4.9461344925594e-06 53 29169
0.19995984 5.05301784962346e-06 55 29164
0.204958836 5.41284905781392e-06 59 29226
0.209957832 5.49986990622757e-06 60 29222
0.214956828 5.68565941759072e-06 62 29218
0.219955824 5.77268026600437e-06 63 29211
0.22495482 5.77268026600437e-06 63 29274
0.229953816 5.91314279295006e-06 65 29267
0.234952812 6.1406261683094e-06 68 29256
0.239951808 6.22764701672305e-06 69 29251
0.244950804 6.22764701672305e-06 69 29312
0.2499498 6.62105739479512e-06 73 29298
0.254948796 6.93556161856811e-06 77 29288
0.259947792 7.02258246698176e-06 78 29285
0.264946788 7.02258246698176e-06 78 29345
0.269945784 7.02258246698176e-06 78 29337
0.27494478 7.32897199664018e-06 81 29315
0.279943776 7.82115103766175e-06 86 29300
0.284942772 8.01505524313947e-06 89 29345
0.289941768 8.32144477279789e-06 92 29317
0.294940764 8.87518018646607e-06 99 29285
0.29993976 9.50782175443332e-06 106 29255
0.304938756 9.97453631968785e-06 112 29289
0.309937752 1.08637588592028e-05 120 29256
0.314936748 1.15081482417059e-05 127 29211
0.319935744 1.24589271538674e-05 137 29169
0.32493474 1.28640853464753e-05 141 29199
0.329933736 1.37975144769843e-05 153 29155
0.334932732 1.43884621809554e-05 159 29117
0.339931728 1.52404724301674e-05 168 29090
0.344930724 1.5867512031018e-05 177 29123
0.34992972 1.68401222985253e-05 187 29092
0.354928716 1.78824036327938e-05 200 29067
0.359927712 1.87262991878913e-05 208 29033
0.364926708 1.97070241495131e-05 219 29071
0.369925704 2.03060865475988e-05 226 29044
0.3749247 2.13021924441777e-05 236 29026
0.379923696 2.22865505262209e-05 246 29003
0.384922692 2.34902772895088e-05 258 29049
0.389921688 2.44491708957848e-05 269 29026
0.394920684 2.51036438190979e-05 276 29008
0.39991968 2.63073705823858e-05 288 28981
0.404918676 2.76297285172736e-05 302 29022
0.409917672 2.8448159596604e-05 311 29000
0.414916668 2.90335053334584e-05 319 28982
0.419915664 2.98147241224859e-05 329 28960
0.42491466 3.0917713376129e-05 341 29009
0.429913656 3.19300486609371e-05 353 28987
0.434912652 3.32568881695182e-05 369 28961
0.439911648 3.43699609639712e-05 381 28943
0.444910644 3.56178943182532e-05 397 28983
0.44990964 3.64444400916982e-05 407 28964
0.454908636 3.74369128678559e-05 418 28946
0.459907632 3.83342501014854e-05 427 28931
0.464906628 3.87139438183262e-05 432 28983
0.469905624 3.90401958566351e-05 436 28974
0.47490462 3.92875417406448e-05 440 28965
0.479903616 3.96926999332527e-05 444 28957
0.484902612 4.01059728199752e-05 449 29014
0.489901608 4.03334561953346e-05 452 29005
0.494900604 4.05074978921619e-05 454 28998
0.4998996 4.10984455961329e-05 460 28987
0.504898596 4.18217411329351e-05 467 29044
0.509897592 4.24580158213236e-05 473 29034
0.514896588 4.29501948623452e-05 478 29027
0.519895584 4.316956354359e-05 480 29024
0.52489458 4.38892259599709e-05 488 29079
0.529893576 4.46542153607692e-05 496 29069
0.534892572 4.53484133013831e-05 505 29058
0.539891568 4.5807013172523e-05 510 29052
0.544890564 4.61785921952493e-05 514 29113
0.54988956 4.67577920846845e-05 520 29103
0.554888556 4.73369919741198e-05 526 29096
0.559887552 4.80983482544969e-05 535 29086
0.564886548 4.89621063182447e-05 544 29143
0.569885544 4.92013375081399e-05 547 29138
0.57488454 4.95555667492137e-05 553 29131
0.579883536 5.02869769801305e-05 561 29121
0.584882532 5.07282270696179e-05 568 29181
0.589881528 5.10427312933909e-05 572 29174
0.594880524 5.15013311645309e-05 577 29168
0.59987952 5.23650892282787e-05 586 29160
0.604878516 5.32531913743703e-05 598 29212
0.609877512 5.36074206154441e-05 604 29206
0.614876508 5.41356915533453e-05 612 29197
0.619875504 5.47031436282447e-05 618 29189
0.6248745 5.53973415688585e-05 627 29247
0.629873496 5.61542162755423e-05 634 29240
0.634872492 5.69726473548727e-05 643 29231
0.639871488 5.83448138478713e-05 659 29216
0.644870484 5.94461388277884e-05 671 29271
0.64986948 6.06859574879559e-05 686 29255
0.654868476 6.18479903872476e-05 697 29244
0.659867472 6.24551674794479e-05 705 29235
0.664866468 6.32481340830113e-05 715 29292
0.669865464 6.37937548025649e-05 721 29286
0.67486446 6.47898606991439e-05 731 29276
0.679863456 6.54143875729966e-05 737 29270
0.684862452 6.68318810504127e-05 753 29321
0.689861448 6.73738686495451e-05 760 29314
0.694860444 6.79158562486774e-05 767 29308
0.69985944 6.86646162612467e-05 773 29302
0.704858436 6.93090056437498e-05 780 29361
0.709857432 7.00821097386628e-05 789 29352
0.714856428 7.09377531082961e-05 797 29345
0.719855424 7.14497946579681e-05 803 29338
0.72485442 7.19419736989897e-05 808 29399
0.729853416 7.24540152486617e-05 814 29393
0.734852412 7.28927526111513e-05 818 29389
0.739851408 7.34602046860507e-05 824 29383
0.744850404 7.38480130970061e-05 830 29443
0.7498494 7.42078443051966e-05 834 29439
0.754848396 7.45340963435054e-05 838 29437
0.759847392 7.48603483818143e-05 842 29431
0.764846388 7.48603483818143e-05 842 29498
0.769845384 7.50461378931774e-05 844 29496
0.77484438 7.52201795900047e-05 846 29494
0.779843376 7.52736212685368e-05 847 29493
0.784842372 7.5538316934199e-05 849 29558
0.789841368 7.57658003095584e-05 852 29555
0.794840364 7.59062628365041e-05 854 29553
0.79983936 7.59062628365041e-05 854 29553
0.804838356 7.63033063349974e-05 857 29616
0.809837352 7.6795485376019e-05 862 29611
0.814836348 7.69023687330831e-05 864 29609
0.819835344 7.70347165659142e-05 865 29607
0.82483434 7.72621999412736e-05 868 29669
0.829833336 7.72621999412736e-05 868 29669
0.834832332 7.74362416381009e-05 870 29667
0.839831328 7.75232624865145e-05 871 29665
0.844830324 7.75767041650466e-05 872 29731
0.84982932 7.81304395787148e-05 879 29725
0.854828316 7.84032499384916e-05 882 29721
0.859827312 7.85101332955557e-05 884 29719
0.864826308 7.88282706397499e-05 887 29782
0.869825304 7.91346601694084e-05 890 29779
0.8748243 7.93540288506531e-05 892 29777
0.879823296 7.97138600588436e-05 896 29773
0.884822292 7.97138600588436e-05 896 29838
0.889821288 7.99530912487388e-05 899 29833
0.894820284 8.04987119682924e-05 905 29827
0.89981928 8.06310598011235e-05 906 29823
0.904818276 8.08168493124867e-05 908 29887
0.909817272 8.11431013507956e-05 912 29883
0.914816268 8.15818387132851e-05 916 29878
0.919815264 8.18882282429435e-05 919 29872
0.92481426 8.22144802812524e-05 923 29936
0.929813256 8.23468281140835e-05 924 29933
0.934812252 8.24791759469146e-05 925 29932
0.939811248 8.26649654582778e-05 927 29929
0.944810244 8.27973132911089e-05 928 29994
0.94980924 8.292966112394e-05 929 29991
0.954808236 8.31154506353032e-05 931 29987
0.959807232 8.35287235220257e-05 936 29982
0.964806228 8.39165319329812e-05 942 30041
0.969805224 8.48591961510281e-05 951 30032
0.97480422 8.5644048060477e-05 960 30024
0.979803216 8.61362271014986e-05 965 30018
0.984802212 8.66284061425201e-05 970 30079
0.989801208 8.73623291004349e-05 981 30068
0.994800204 8.77756019871574e-05 986 30063
0.9997992 8.85405913879558e-05 994 30055
1.004798196 8.93092139091755e-05 1001 30114
1.009797192 8.98349721200787e-05 1006 30109
1.014796188 9.08573909456968e-05 1018 30097
1.019795184 9.12706638324193e-05 1023 30092
1.02479418 9.16050305648427e-05 1028 30153
1.029793176 9.19648617730332e-05 1032 30149
1.034792172 9.23979971684061e-05 1038 30143
1.039791168 9.26708075281829e-05 1041 30140
1.044790164 9.33233116048006e-05 1049 30199
1.04978916 9.41498573782456e-05 1059 30190
1.054788156 9.51006362904072e-05 1069 30179
1.059787152 9.61048568811008e-05 1080 30167
1.064786148 9.68026879421359e-05 1088 30226
1.069785144 9.75422128671673e-05 1097 30217
1.07478414 9.84222003191444e-05 1108 30207
1.079783136 9.9307789738238e-05 1117 30197
1.084782132 0.00010040714587146 1130 30250
1.089781128 0.000101733985380041 1146 30234
1.094780124 0.00010321863719722 1162 30218
1.09977912 0.000104169416109382 1172 30208
1.104778116 0.000105069266070009 1184 30263
1.109777112 0.000105209728596955 1186 30261
1.114776108 0.000106123295218814 1197 30250
1.119775104 0.000106564545308301 1204 30243
1.1247741 0.00010737934326721 1214 30300
1.129773096 0.000108156080482545 1222 30292
1.134772092 0.000108875742898926 1230 30285
1.139771088 0.000109474805297011 1237 30277
1.144770084 0.000110315067731687 1246 30335
1.14976908 0.000111108034335251 1256 30325
1.154768076 0.00011192283229416 1266 30316
1.159767072 0.000112336105180883 1271 30310
1.164766068 0.000112769240576255 1277 30370
1.169765064 0.000113331090684038 1285 30362
1.17476406 0.000113930153082124 1292 30356
1.179763056 0.000114509352971559 1298 30349
1.184762052 0.000115175573709408 1305 30409
1.189761048 0.000115906983940325 1313 30401
1.194760044 0.000116837900343836 1322 30393
1.19975904 0.000117425214927386 1329 30385
1.204758036 0.000118429435518079 1340 30441
1.209757032 0.000119334887445823 1350 30430
1.214756028 0.000120392549715049 1362 30418
1.219755024 0.000121157539115847 1370 30410
1.22475402 0.000121821791007001 1378 30469
1.229753016 0.000122181622215191 1382 30465
1.234752012 0.000122454432574968 1385 30462
1.239751008 0.000123025517770289 1390 30457
1.244750004 0.000123351769808598 1394 30519
1.249749 0.000123669907152792 1397 30516
1.254747996 0.000125009614869332 1409 30504
1.259746992 0.000125381193892058 1413 30500
1.264745988 0.000125993972951375 1419 30561
1.269744984 0.00012658940222904 1427 30553
1.27474398 0.000127044368979758 1433 30547
1.279742976 0.000127589989699312 1439 30541
1.284741972 0.000127961568722038 1443 30605
1.289740968 0.000128276072945811 1447 30601
1.294739964 0.000128776366680947 1453 30596
1.29973896 0.000129515891605978 1462 30585
1.304737956 0.000130173997649713 1468 30646
1.309736952 0.000130711503675152 1473 30641
1.314735948 0.000131059587068806 1477 30638
1.319734944 0.000131866270333601 1486 30629
1.32473394 0.000132267795405787 1491 30690
1.329732936 0.000132813416125341 1497 30684
1.334731932 0.000133114203687883 1502 30679
1.339730928 0.000133353434877778 1505 30676
1.344729924 0.0001337667077645 1510 30738
1.34972892 0.000134217192941526 1514 30734
1.354727916 0.000134402982452889 1516 30732
1.359726912 0.000134849834509493 1521 30727
1.364725908 0.000135089065699388 1524 30791
1.369724904 0.000135361876059165 1527 30789
1.3747239 0.00013560110724906 1530 30785
1.379722896 0.000135741569776006 1532 30783
1.384721892 0.00013596093845725 1534 30847
1.389720888 0.000136734042552163 1543 30838
1.394719884 0.000137088271793237 1549 30833
1.39971888 0.00013761403000414 1554 30827
1.404717876 0.000138019188196748 1558 30890
1.409716872 0.000138544946407651 1563 30885
1.414715868 0.000138764315088896 1565 30883
1.419714864 0.000138958219294374 1568 30880
1.42471386 0.000139045240142787 1569 30945
1.429712856 0.000139219281839615 1571 30943
1.434711852 0.00013935974436656 1573 30941
1.439710848 0.000139620806911801 1576 30938
1.444709844 0.000139761269438747 1578 31003
1.44970884 0.000139955173644225 1581 31000
1.454707836 0.000140042194492638 1582 30999
1.459706832 0.000140526258839545 1586 30995
1.464705828 0.000140658606672376 1587 31061
1.469704824 0.00014074562752079 1588 31060
1.47470382 0.000140832648369204 1589 31060
1.479702816 0.000141147152592977 1593 31055
1.484701812 0.000141254035950041 1595 31120
1.489700808 0.000141341056798454 1596 31120
1.494699804 0.000141568540173814 1599 31116
1.4996988 0.000141754329685177 1601 31114
1.504697796 0.000142060719214835 1604 31179
1.509696792 0.000142367108744494 1607 31175
1.514695788 0.000142541150441321 1609 31173
1.519694784 0.000142541150441321 1609 31173
1.52469378 0.000142594592119853 1610 31238
1.529692776 0.000142594592119853 1610 31238
1.534691772 0.000142735054646799 1612 31236
1.539690768 0.00014286740247963 1613 31235
1.544689764 0.00014286740247963 1613 31302
1.54968876 0.00014286740247963 1613 31302
1.554687756 0.000142999750312461 1614 31301
1.559686752 0.000142999750312461 1614 31301
1.564685748 0.000143132098145292 1615 31367
1.569684744 0.000143132098145292 1615 31367
1.57468374 0.000143132098145292 1615 31367
1.579682736 0.000143132098145292 1615 31367
1.584681732 0.000143132098145292 1615 31434
1.589680728 0.000143132098145292 1615 31434
1.594679724 0.000143132098145292 1615 31434
1.59967872 0.000143132098145292 1615 31434
1.604677716 0.000143185539823824 1616 31500
1.609676712 0.000143185539823824 1616 31500
1.614675708 0.000143185539823824 1616 31500
1.619674704 0.000143185539823824 1616 31500
1.6246737 0.000143185539823824 1616 31566
1.629672696 0.000143185539823824 1616 31566
1.634671692 0.000143185539823824 1616 31566
1.639670688 0.000143185539823824 1616 31566
1.644669684 0.000143185539823824 1616 31632
1.64966868 0.000143185539823824 1616 31632
1.654667676 0.000143185539823824 1616 31632
1.659666672 0.000143185539823824 1616 31632
1.664665668 0.000143185539823824 1616 31699
1.669664664 0.000143185539823824 1616 31699
1.67466366 0.000143185539823824 1616 31699
1.679662656 0.000143185539823824 1616 31699
1.684661652 0.000143185539823824 1616 31766
1.689660648 0.000143185539823824 1616 31766
1.694659644 0.000143185539823824 1616 31766
1.69965864 0.000143185539823824 1616 31766
1.704657636 0.000143185539823824 1616 31833
1.709656632 0.000143185539823824 1616 31833
1.714655628 0.000143185539823824 1616 31833
1.719654624 0.000143185539823824 1616 31833
