# Fix print output for fix logmf
0.00500411 0 0 3890
0.01000822 0 0 3890
0.01501233 0 0 3890
0.02001644 0 0 3946
0.02502055 0 0 3946
0.03002466 0 0 3946
0.03502877 0 0 3946
0.04003288 0 0 3961
0.04503699 0 0 3960
0.0500411 0 0 3960
0.05504521 0 0 3959
0.06004932 0 0 3969
0.06505343 0 0 3969
0.07005754 0 0 3969
0.07506165 0 0 3969
0.08006576 0 0 3976
0.08506987 0 0 3976
0.09007398 0 0 3976
0.09507809 0 0 3976
0.1000822 0 0 3981
0.10508631 0 0 3981
0.11009042 0 0 3981
0.11509453 0 0 3981
0.12009864 0 0 3984
0.12510275 0 0 3984
0.13010686 0 0 3984
0.13511097 0 0 3984
0.14011508 0 0 3993
0.14511919 0 0 3993
0.1501233 0 0 3993
0.15512741 0 0 3993
0.16013152 0 0 4015
0.16513563 0 0 4015
0.17013974 0 0 4015
0.17514385 0 0 4015
0.18014796 0 0 4030
0.18515207 0 0 4030
0.19015618 0 0 4030
0.19516029 0 0 4030
0.2001644 0 0 4057
0.20516851 0 0 4057
0.21017262 0 0 4057
0.21517673 0 0 4057
0.22018084 0 0 4077
0.22518495 0 0 4077
0.23018906 0 0 4077
0.23519317 0 0 4077
0.24019728 0 0 4098
0.24520139 0 0 4098
0.2502055 0 0 4098
0.25520961 0 0 4098
0.26021372 0 0 4119
0.26521783 0 0 4119
0.27022194 0 0 4119
0.27522605 0 0 4119
0.28023016 0 0 4145
0.28523427 0 0 4145
0.29023838 0 0 4145
0.29524249 0 0 4145
0.3002466 0 0 4174
0.30525071 0 0 4174
0.31025482 0 0 4174
0.31525893 0 0 4174
0.32026304 0 0 4203
0.32526715 0 0 4203
0.33027126 0 0 4203
0.33527537 0 0 4203
0.34027948 0 0 4232
0.34528359 0 0 4232
0.3502877 0 0 4232
0.35529181 0 0 4232
0.36029592 0 0 4248
0.36530003 0 0 4248
0.37030414 0 0 4248
0.37530825 0 0 4248
0.38031236 0 0 4277
0.38531647 0 0 4277
0.39032058 0 0 4277
0.39532469 0 0 4277
0.4003288 0 0 4310
0.40533291 0 0 4310
0.41033702 0 0 4310
0.41534113 0 0 4309
0.42034524 0 0 4335
0.42534935 0 0 4335
0.43035346 0 0 4335
0.43535757 0 0 4335
0.44036168 0 0 4363
0.44536579 0 0 4363
0.4503699 0 0 4363
0.45537401 0 0 4363
0.46037812 0 0 4379
0.46538223 0 0 4379
0.47038634 0 0 4378
0.47539045 0 0 4378
0.48039456 0 0 4399
0.48539867 0 0 4399
0.49040278 0 0 4399
0.49540689 0 0 4399
0.500411 0 0 4420
0.50541511 0 0 4420
0.51041922 0 0 4420
0.51542333 0 0 4420
0.52042744 0 0 4450
0.52543155 0 0 4450
0.53043566 0 0 4450
0.53543977 0 0 4450
0.54044388 0 0 4476
0.54544799 0 0 4476
0.5504521 0 0 4476
0.55545621 0 0 4476
0.56046032 0 0 4509
0.56546443 0 0 4509
0.57046854 0 0 4509
0.57547265 0 0 4509
0.58047676 0 0 4528
0.58548087 0 0 4528
0.59048498 0 0 4528
0.59548909 0 0 4528
0.6004932 0 0 4544
0.60549731 0 0 4544
0.61050142 0 0 4544
0.61550553 0 0 4544
0.62050964 0 0 4578
0.62551375 0 0 4578
0.63051786 0 0 4578
0.63552197 0 0 4577
0.64052608 0 0 4604
0.64553019 0 0 4604
0.6505343 0 0 4604
0.65553841 0 0 4604
0.66054252 0 0 4629
0.66554663 0 0 4629
0.67055074 0 0 4628
0.67555485 0 0 4628
0.68055896 0 0 4653
0.68556307 0 0 4653
0.69056718 0 0 4653
0.69557129 0 0 4653
0.7005754 0 0 4669
0.70557951 0 0 4669
0.71058362 0 0 4669
0.71558773 0 0 4669
0.72059184 0 0 4693
0.72559595 0 0 4693
0.73060006 0 0 4693
0.73560417 0 0 4693
0.74060828 0 0 4717
0.74561239 0 0 4717
0.7506165 0 0 4717
0.75562061 0 0 4717
0.76062472 0 0 4748
0.76562883 0 0 4748
0.77063294 0 0 4748
0.77563705 0 0 4748
0.78064116 0 0 4772
0.78564527 0 0 4772
0.79064938 0 0 4772
0.79565349 0 0 4772
0.8006576 0 0 4783
0.80566171 0 0 4783
0.81066582 0 0 4783
0.81566993 0 0 4783
0.82067404 0 0 4797
0.82567815 0 0 4796
0.83068226 0 0 4796
0.83568637 0 0 4795
0.84069048 0 0 4804
0.84569459 0 0 4804
0.8506987 0 0 4804
0.85570281 0 0 4804
0.86070692 0 0 4812
0.86571103 0 0 4812
0.87071514 0 0 4812
0.87571925 0 0 4812
0.88072336 0 0 4818
0.88572747 0 0 4818
0.89073158 0 0 4818
0.89573569 0 0 4818
0.9007398 0 0 4821
0.90574391 0 0 4821
0.91074802 0 0 4821
0.91575213 0 0 4821
0.92075624 0 0 4825
0.92576035 0 0 4825
0.93076446 0 0 4824
0.93576857 0 0 4823
0.94077268 0 0 4824
0.94577679 0 0 4824
0.9507809 0 0 4824
0.95578501 0 0 4824
0.96078912 0 0 4826
0.96579323 0 0 4826
0.97079734 0 0 4826
0.97580145 0 0 4826
0.98080556 0 0 4827
0.98580967 0 0 4827
0.99081378 0 0 4827
0.99581789 0 0 4827
1.000822 0 0 4830
1.00582611 0 0 4830
1.01083022 0 0 4830
1.01583433 0 0 4830
1.02083844 0 0 4831
1.02584255 0 0 4831
1.03084666 0 0 4831
1.03585077 0 0 4831
1.04085488 0 0 4832
1.04585899 0 0 4832
1.0508631 0 0 4832
1.05586721 0 0 4832
1.06087132 0 0 4832
1.06587543 0 0 4832
1.07087954 0 0 4832
1.07588365 0 0 4832
1.08088776 0 0 4834
1.08589187 0 0 4834
1.09089598 0 0 4834
1.09590009 0 0 4834
1.1009042 0 0 4835
1.10590831 0 0 4835
1.11091242 0 0 4835
1.11591653 0 0 4835
1.12092064 0 0 4836
1.12592475 0 0 4836
1.13092886 0 0 4836
1.13593297 0 0 4836
1.14093708 0 0 4839
1.14594119 0 0 4839
1.1509453 0 0 4838
1.15594941 0 0 4836
1.16095352 0 0 4836
1.16595763 0 0 4835
1.17096174 0 0 4834
1.17596585 0 0 4834
1.18096996 0 0 4832
1.18597407 0 0 4832
1.19097818 0 0 4831
1.19598229 0 0 4831
1.2009864 0 0 4832
1.20599051 0 0 4832
1.21099462 0 0 4832
1.21599873 0 0 4831
1.22100284 6.32916899519972e-08 1 4830
1.22600695 6.32916899519972e-08 1 4829
1.23101106 6.32916899519972e-08 1 4828
1.23601517 6.32916899519972e-08 1 4828
1.24101928 6.32916899519972e-08 1 4827
1.24602339 6.32916899519972e-08 1 4827
1.2510275 6.32916899519972e-08 1 4827
1.25603161 6.32916899519972e-08 1 4827
1.26103572 6.32916899519972e-08 1 4832
1.26603983 6.32916899519972e-08 1 4832
1.27104394 6.32916899519972e-08 1 4832
1.27604805 6.32916899519972e-08 1 4832
1.28105216 6.32916899519972e-08 1 4837
1.28605627 6.32916899519972e-08 1 4837
1.29106038 6.32916899519972e-08 1 4837
1.29606449 6.32916899519972e-08 1 4835
1.3010686 6.32916899519972e-08 1 4839
1.30607271 6.32916899519972e-08 1 4839
1.31107682 6.32916899519972e-08 1 4838
1.31608093 6.32916899519972e-08 1 4838
1.32108504 6.32916899519972e-08 1 4844
1.32608915 6.32916899519972e-08 1 4844
1.33109326 6.32916899519972e-08 1 4844
1.33609737 6.32916899519972e-08 1 4844
1.34110148 6.32916899519972e-08 1 4848
1.34610559 6.32916899519972e-08 1 4848
1.3511097 6.32916899519972e-08 1 4848
1.35611381 6.32916899519972e-08 1 4848
1.36111792 6.32916899519972e-08 1 4850
1.36612203 6.32916899519972e-08 1 4850
1.37112614 6.32916899519972e-08 1 4850
1.37613025 6.32916899519972e-08 1 4849
1.38113436 6.32916899519972e-08 1 4851
1.38613847 6.32916899519972e-08 1 4851
1.39114258 6.32916899519972e-08 1 4850
1.39614669 6.32916899519972e-08 1 4850
1.4011508 6.32916899519972e-08 1 4851
1.40615491 6.32916899519972e-08 1 4851
1.41115902 6.32916899519972e-08 1 4851
1.41616313 6.32916899519972e-08 1 4851
1.42116724 6.32916899519972e-08 1 4854
1.42617135 1.26583379903994e-07 2 4853
1.43117546 1.26583379903994e-07 2 4853
1.43617957 1.26583379903994e-07 2 4853
1.44118368 1.26583379903994e-07 2 4855
1.44618779 1.26583379903994e-07 2 4855
1.4511919 1.26583379903994e-07 2 4855
1.45619601 1.26583379903994e-07 2 4855
1.46120012 1.26583379903994e-07 2 4860
1.46620423 1.26583379903994e-07 2 4860
1.47120834 1.26583379903994e-07 2 4860
1.47621245 1.26583379903994e-07 2 4860
1.48121656 1.26583379903994e-07 2 4864
1.48622067 1.26583379903994e-07 2 4864
1.49122478 1.26583379903994e-07 2 4864
1.49622889 1.26583379903994e-07 2 4864
1.501233 1.26583379903994e-07 2 4865
1.50623711 1.26583379903994e-07 2 4865
1.51124122 1.26583379903994e-07 2 4865
1.51624533 1.26583379903994e-07 2 4864
1.52124944 1.26583379903994e-07 2 4872
1.52625355 1.26583379903994e-07 2 4871
1.53125766 1.26583379903994e-07 2 4871
1.53626177 1.26583379903994e-07 2 4871
1.54126588 1.26583379903994e-07 2 4875
1.54626999 1.26583379903994e-07 2 4875
1.5512741 1.26583379903994e-07 2 4874
1.55627821 1.26583379903994e-07 2 4874
1.56128232 1.26583379903994e-07 2 4878
1.56628643 1.26583379903994e-07 2 4878
1.57129054 1.26583379903994e-07 2 4878
1.57629465 1.26583379903994e-07 2 4878
1.58129876 1.26583379903994e-07 2 4883
1.58630287 1.26583379903994e-07 2 4883
1.59130698 1.26583379903994e-07 2 4883
1.59631109 1.26583379903994e-07 2 4883
1.6013152 1.26583379903994e-07 2 4889
1.60631931 1.26583379903994e-07 2 4889
1.61132342 1.26583379903994e-07 2 4889
1.61632753 1.26583379903994e-07 2 4889
1.62133164 1.89875069855992e-07 3 4889
1.62633575 1.89875069855992e-07 3 4889
1.63133986 1.89875069855992e-07 3 4889
1.63634397 1.89875069855992e-07 3 4889
1.64134808 1.89875069855992e-07 3 4889
1.64635219 1.89875069855992e-07 3 4889
1.6513563 1.89875069855992e-07 3 4889
1.65636041 1.89875069855992e-07 3 4889
1.66136452 1.89875069855992e-07 3 4891
1.66636863 1.89875069855992e-07 3 4890
1.67137274 1.89875069855992e-07 3 4890
1.67637685 1.89875069855992e-07 3 4890
1.68138096 1.89875069855992e-07 3 4891
1.68638507 1.89875069855992e-07 3 4891
1.69138918 1.89875069855992e-07 3 4891
1.69639329 1.89875069855992e-07 3 4891
1.7013974 1.89875069855992e-07 3 4893
1.70640151 1.89875069855992e-07 3 4893
1.71140562 1.89875069855992e-07 3 4893
1.71640973 1.89875069855992e-07 3 4893
1.72141384 1.89875069855992e-07 3 4895
1.72641795 1.89875069855992e-07 3 4895
1.73142206 1.89875069855992e-07 3 4894
1.73642617 1.89875069855992e-07 3 4894
1.74143028 1.89875069855992e-07 3 4896
1.74643439 1.89875069855992e-07 3 4896
1.7514385 1.89875069855992e-07 3 4896
1.75644261 1.89875069855992e-07 3 4896
1.76144672 3.56226706809002e-07 5 4877
1.76645083 3.56226706809002e-07 5 4876
1.77145494 3.56226706809002e-07 5 4876
1.77645905 3.56226706809002e-07 5 4876
1.78146316 3.56226706809002e-07 5 4877
1.78646727 3.56226706809002e-07 5 4877
1.79147138 3.56226706809002e-07 5 4877
1.79647549 3.56226706809002e-07 5 4877
1.8014796 3.56226706809002e-07 5 4878
1.80648371 3.56226706809002e-07 5 4878
1.81148782 3.56226706809002e-07 5 4877
1.81649193 3.56226706809002e-07 5 4877
1.82149604 3.56226706809002e-07 5 4877
1.82650015 3.56226706809002e-07 5 4877
1.83150426 3.56226706809002e-07 5 4877
1.83650837 3.56226706809002e-07 5 4877
1.84151248 3.56226706809002e-07 5 4878
1.84651659 3.56226706809002e-07 5 4878
1.8515207 3.56226706809002e-07 5 4878
1.85652481 3.56226706809002e-07 5 4878
1.86152892 3.56226706809002e-07 5 4878
1.86653303 3.56226706809002e-07 5 4878
1.87153714 3.56226706809002e-07 5 4878
1.87654125 3.56226706809002e-07 5 4878
1.88154536 3.56226706809002e-07 5 4880
1.88654947 3.56226706809002e-07 5 4880
1.89155358 3.56226706809002e-07 5 4880
1.89655769 3.56226706809002e-07 5 4880
1.9015618 3.56226706809002e-07 5 4880
1.90656591 3.56226706809002e-07 5 4880
1.91157002 3.56226706809002e-07 5 4880
1.91657413 3.56226706809002e-07 5 4880
1.92157824 3.56226706809002e-07 5 4880
1.92658235 3.56226706809002e-07 5 4880
1.93158646 3.56226706809002e-07 5 4880
1.93659057 3.56226706809002e-07 5 4880
1.94159468 3.56226706809002e-07 5 4881
1.94659879 3.56226706809002e-07 5 4881
1.9516029 3.56226706809002e-07 5 4881
1.95660701 3.56226706809002e-07 5 4881
1.96161112 3.56226706809002e-07 5 4882
1.96661523 3.56226706809002e-07 5 4882
1.97161934 3.56226706809002e-07 5 4882
1.97662345 3.56226706809002e-07 5 4882
1.98162756 3.56226706809002e-07 5 4883
1.98663167 3.56226706809002e-07 5 4883
1.99163578 3.56226706809002e-07 5 4883
1.99663989 3.56226706809002e-07 5 4883
2.001644 3.56226706809002e-07 5 4885
2.00664811 3.56226706809002e-07 5 4885
2.01165222 3.56226706809002e-07 5 4885
2.01665633 3.56226706809002e-07 5 4885
2.02166044 3.56226706809002e-07 5 4885
2.02666455 3.56226706809002e-07 5 4885
2.03166866 3.56226706809002e-07 5 4885
2.03667277 3.56226706809002e-07 5 4885
2.04167688 3.56226706809002e-07 5 4885
2.04668099 3.56226706809002e-07 5 4885
2.0516851 3.56226706809002e-07 5 4885
2.05668921 3.56226706809002e-07 5 4885
2.06169332 3.56226706809002e-07 5 4887
2.06669743 3.56226706809002e-07 5 4887
2.07170154 3.56226706809002e-07 5 4887
2.07670565 3.56226706809002e-07 5 4887
2.08170976 3.56226706809002e-07 5 4887
2.08671387 3.56226706809002e-07 5 4887
2.09171798 3.56226706809002e-07 5 4887
2.09672209 3.56226706809002e-07 5 4887
2.1017262 3.56226706809002e-07 5 4888
2.10673031 3.56226706809002e-07 5 4888
2.11173442 3.56226706809002e-07 5 4888
2.11673853 3.56226706809002e-07 5 4888
2.12174264 3.56226706809002e-07 5 4888
2.12674675 3.56226706809002e-07 5 4888
2.13175086 3.56226706809002e-07 5 4888
2.13675497 3.56226706809002e-07 5 4888
2.14175908 3.56226706809002e-07 5 4888
2.14676319 3.56226706809002e-07 5 4888
2.1517673 3.56226706809002e-07 5 4888
2.15677141 3.56226706809002e-07 5 4888
2.16177552 3.56226706809002e-07 5 4889
2.16677963 3.56226706809002e-07 5 4889
2.17178374 3.56226706809002e-07 5 4889
2.17678785 3.56226706809002e-07 5 4889
2.18179196 3.56226706809002e-07 5 4889
2.18679607 3.56226706809002e-07 5 4889
2.19180018 3.56226706809002e-07 5 4889
2.19680429 3.56226706809002e-07 5 4889
2.2018084 3.56226706809002e-07 5 4889
2.20681251 3.56226706809002e-07 5 4889
2.21181662 3.56226706809002e-07 5 4889
2.21682073 3.56226706809002e-07 5 4889
2.22182484 3.56226706809002e-07 5 4889
2.22682895 3.56226706809002e-07 5 4889
2.23183306 3.56226706809002e-07 5 4889
2.23683717 3.56226706809002e-07 5 4889
2.24184128 3.56226706809002e-07 5 4889
2.24684539 3.56226706809002e-07 5 4889
2.2518495 3.56226706809002e-07 5 4889
