# Fix print output for fix logmf
0.00500411 0 0 4166
0.01000822 0 0 4166
0.01501233 0 0 4166
0.02001644 0 0 4217
0.02502055 0 0 4217
0.03002466 0 0 4217
0.03502877 0 0 4217
0.04003288 0 0 4240
0.04503699 0 0 4234
0.0500411 0 0 4229
0.05504521 0 0 4224
0.06004932 0 0 4235
0.06505343 0 0 4230
0.07005754 0 0 4227
0.07506165 0 0 4224
0.08006576 0 0 4231
0.08506987 0 0 4231
0.09007398 0 0 4229
0.09507809 0 0 4229
0.1000822 0 0 4234
0.10508631 0 0 4234
0.11009042 0 0 4234
0.11509453 0 0 4234
0.12009864 0 0 4243
0.12510275 0 0 4243
0.13010686 0 0 4242
0.13511097 0 0 4242
0.14011508 0 0 4256
0.14511919 0 0 4256
0.1501233 0 0 4255
0.15512741 1.56741296895166e-07 1 4253
0.16013152 1.56741296895166e-07 1 4269
0.16513563 1.56741296895166e-07 1 4269
0.17013974 3.13482593790332e-07 2 4268
0.17514385 4.70223890685498e-07 3 4266
0.18014796 5.33515580637495e-07 4 4296
0.18515207 5.33515580637495e-07 4 4296
0.19015618 5.33515580637495e-07 4 4295
0.19516029 6.99867217590505e-07 6 4293
0.2001644 6.99867217590505e-07 6 4319
0.20516851 6.99867217590505e-07 6 4318
0.21017262 6.99867217590505e-07 6 4318
0.21517673 6.99867217590505e-07 6 4318
0.22018084 8.02927164591518e-07 7 4349
0.22518495 8.02927164591518e-07 7 4348
0.23018906 8.66218854543515e-07 8 4347
0.23519317 8.66218854543515e-07 8 4347
0.24019728 8.66218854543515e-07 8 4401
0.24520139 8.66218854543515e-07 8 4400
0.2502055 8.66218854543515e-07 8 4400
0.25520961 8.66218854543515e-07 8 4399
0.26021372 8.66218854543515e-07 8 4453
0.26521783 8.66218854543515e-07 8 4453
0.27022194 1.02296015143868e-06 9 4452
0.27522605 1.02296015143868e-06 9 4450
0.28023016 1.02296015143868e-06 9 4502
0.28523427 1.02296015143868e-06 9 4496
0.29023838 1.12602009843969e-06 10 4493
0.29524249 1.12602009843969e-06 10 4486
0.3002466 1.12602009843969e-06 10 4534
0.30525071 1.28276139533486e-06 11 4528
0.31025482 1.34605308528686e-06 12 4522
0.31525893 1.65953567907719e-06 14 4514
0.32026304 1.81627697597235e-06 15 4558
0.32526715 1.87956866592435e-06 16 4551
0.33027126 2.03630996281952e-06 17 4546
0.33527537 2.16289334272351e-06 19 4540
0.34027948 2.16289334272351e-06 19 4591
0.34528359 2.16289334272351e-06 19 4579
0.3502877 2.31963463961868e-06 20 4574
0.35529181 2.42269458661969e-06 21 4568
0.36029592 2.5890462235727e-06 23 4618
0.36530003 2.69210617057372e-06 24 4613
0.37030414 2.69210617057372e-06 24 4609
0.37530825 2.69210617057372e-06 24 4603
0.38031236 2.96151775452774e-06 27 4647
0.38531647 2.96151775452774e-06 27 4639
0.39032058 2.96151775452774e-06 27 4630
0.39532469 3.1182590514229e-06 28 4623
0.4003288 3.1182590514229e-06 28 4675
0.40533291 3.1182590514229e-06 28 4670
0.41033702 3.32437894542493e-06 30 4663
0.41534113 3.38767063537693e-06 31 4656
0.42034524 3.38767063537693e-06 31 4704
0.42534935 3.38767063537693e-06 31 4697
0.43035346 3.38767063537693e-06 31 4692
0.43535757 3.38767063537693e-06 31 4687
0.44036168 3.38767063537693e-06 31 4741
0.44536579 3.38767063537693e-06 31 4736
0.4503699 3.38767063537693e-06 31 4729
0.45537401 3.49073058237794e-06 32 4723
0.46037812 3.59379052937895e-06 33 4774
0.46538223 3.59379052937895e-06 33 4767
0.47038634 3.59379052937895e-06 33 4760
0.47539045 3.75053182627412e-06 34 4754
0.48039456 3.75053182627412e-06 34 4803
0.48539867 3.75053182627412e-06 34 4798
0.49040278 3.90727312316929e-06 35 4793
0.49540689 4.0103330701703e-06 36 4790
0.500411 4.0103330701703e-06 36 4839
0.50541511 4.21645296417233e-06 38 4833
0.51041922 4.37319426106749e-06 39 4829
0.51542333 4.47625420806851e-06 40 4825
0.52042744 4.78973680185884e-06 42 4870
0.52543155 4.78973680185884e-06 42 4865
0.53043566 4.85302849181084e-06 43 4852
0.53543977 4.95608843881185e-06 44 4844
0.54044388 5.01938012876385e-06 45 4887
0.54544799 5.17612142565901e-06 46 4881
0.5504521 5.33286272255418e-06 47 4870
0.55545621 5.33286272255418e-06 47 4866
0.56046032 5.33286272255418e-06 47 4917
0.56546443 5.48960401944934e-06 48 4906
0.57046854 5.59266396645036e-06 49 4898
0.57547265 5.75901560340337e-06 51 4891
0.58047676 5.91575690029853e-06 52 4939
0.58548087 6.01881684729955e-06 53 4931
0.59048498 6.12187679430056e-06 54 4923
0.59548909 6.18516848425256e-06 55 4918
0.6004932 6.18516848425256e-06 55 4969
0.60549731 6.18516848425256e-06 55 4960
0.61050142 6.34190978114772e-06 56 4956
0.61550553 6.34190978114772e-06 56 4953
0.62050964 6.49865107804289e-06 57 4996
0.62551375 6.65539237493806e-06 58 4984
0.63051786 6.65539237493806e-06 58 4980
0.63552197 6.65539237493806e-06 58 4969
0.64052608 6.91519361883423e-06 60 5014
0.64553019 6.91519361883423e-06 60 5010
0.6505343 6.91519361883423e-06 60 4998
0.65553841 6.97848530878623e-06 61 4997
0.66054252 6.97848530878623e-06 61 5039
0.66554663 6.97848530878623e-06 61 5034
0.67055074 6.97848530878623e-06 61 5024
0.67555485 6.97848530878623e-06 61 5019
0.68055896 7.08154525578725e-06 62 5054
0.68556307 7.18460520278826e-06 63 5050
0.69056718 7.34134649968342e-06 64 5043
0.69557129 7.44440644668444e-06 65 5036
0.7005754 7.44440644668444e-06 65 5083
0.70557951 7.50769813663644e-06 66 5077
0.71058362 7.50769813663644e-06 66 5067
0.71558773 7.50769813663644e-06 66 5062
0.72059184 7.57098982658843e-06 67 5088
0.72559595 7.98753236737978e-06 70 5080
0.73060006 8.20756535422694e-06 72 5070
0.73560417 8.20756535422694e-06 72 5066
0.74060828 8.37391699117995e-06 74 5106
0.74561239 8.64332857513397e-06 77 5093
0.7506165 8.86336156198113e-06 79 5087
0.75562061 8.92665325193313e-06 80 5081
0.76062472 8.92665325193313e-06 80 5134
0.76562883 9.14668623878029e-06 82 5123
0.77063294 9.14668623878029e-06 82 5119
0.77563705 9.53307086258046e-06 86 5109
0.78064116 9.53307086258046e-06 86 5148
0.78564527 9.69942249953347e-06 88 5140
0.79064938 9.85616379642864e-06 89 5132
0.79565349 9.91945548638063e-06 90 5128
0.8006576 1.01792567302768e-05 92 5159
0.80566171 1.02823166772778e-05 93 5151
0.81066582 1.0439057974173e-05 94 5142
0.81566993 1.0439057974173e-05 94 5131
0.82067404 1.0502349664125e-05 95 5175
0.82567815 1.0605409611126e-05 96 5167
0.83068226 1.0605409611126e-05 96 5158
0.83568637 1.0605409611126e-05 96 5153
0.84069048 1.0605409611126e-05 96 5190
0.84569459 1.0771761248079e-05 98 5182
0.8506987 1.0771761248079e-05 98 5174
0.85570281 1.0771761248079e-05 98 5170
0.86070692 1.09285025449742e-05 99 5192
0.86571103 1.10852438418693e-05 100 5181
0.87071514 1.12419851387645e-05 101 5174
0.87571925 1.12419851387645e-05 101 5162
0.88072336 1.12419851387645e-05 101 5204
0.88572747 1.12419851387645e-05 101 5197
0.89073158 1.13987264356597e-05 102 5186
0.89573569 1.15554677325548e-05 103 5180
0.9007398 1.17615876265569e-05 105 5227
0.90574391 1.19279392635099e-05 107 5218
0.91074802 1.20309992105109e-05 108 5210
0.91575213 1.21340591575119e-05 109 5204
0.92075624 1.21340591575119e-05 109 5253
0.92576035 1.24173838343111e-05 112 5246
0.93076446 1.24173838343111e-05 112 5240
0.93576857 1.24173838343111e-05 112 5233
0.94077268 1.24173838343111e-05 112 5270
0.94577679 1.25837354712641e-05 114 5265
0.9507809 1.25837354712641e-05 114 5258
0.95578501 1.26867954182651e-05 115 5252
0.96078912 1.27898553652661e-05 116 5284
0.96579323 1.27898553652661e-05 116 5278
0.97079734 1.29562070022191e-05 118 5275
0.97580145 1.29562070022191e-05 118 5267
0.98080556 1.31129482991143e-05 119 5312
0.98580967 1.31129482991143e-05 119 5306
0.99081378 1.31129482991143e-05 119 5296
0.99581789 1.31129482991143e-05 119 5290
1.000822 1.31129482991143e-05 119 5338
1.00582611 1.31129482991143e-05 119 5333
1.01083022 1.32160082461153e-05 120 5325
1.01583433 1.32160082461153e-05 120 5316
1.02083844 1.32160082461153e-05 120 5354
1.02584255 1.32792999360673e-05 121 5343
1.03084666 1.32792999360673e-05 121 5335
1.03585077 1.32792999360673e-05 121 5325
1.04085488 1.32792999360673e-05 121 5364
1.04585899 1.32792999360673e-05 121 5358
1.0508631 1.32792999360673e-05 121 5349
1.05586721 1.32792999360673e-05 121 5345
1.06087132 1.33823598830683e-05 122 5394
1.06587543 1.33823598830683e-05 122 5382
1.07087954 1.33823598830683e-05 122 5371
1.07588365 1.33823598830683e-05 122 5362
1.08088776 1.37054528169165e-05 125 5401
1.08589187 1.37054528169165e-05 125 5397
1.09089598 1.37054528169165e-05 125 5392
1.09590009 1.37054528169165e-05 125 5387
1.1009042 1.37054528169165e-05 125 5440
1.10590831 1.37687445068685e-05 126 5435
1.11091242 1.37687445068685e-05 126 5425
1.11591653 1.38320361968205e-05 127 5413
1.12092064 1.38320361968205e-05 127 5461
1.12592475 1.38320361968205e-05 127 5452
1.13092886 1.39350961438215e-05 128 5442
1.13593297 1.39350961438215e-05 128 5426
1.14093708 1.39350961438215e-05 128 5474
1.14594119 1.39350961438215e-05 128 5468
1.1509453 1.39983878337735e-05 129 5458
1.15594941 1.39983878337735e-05 129 5454
1.16095352 1.39983878337735e-05 129 5498
1.16595763 1.39983878337735e-05 129 5490
1.17096174 1.39983878337735e-05 129 5482
1.17596585 1.39983878337735e-05 129 5475
1.18096996 1.39983878337735e-05 129 5523
1.18597407 1.39983878337735e-05 129 5520
1.19097818 1.39983878337735e-05 129 5515
1.19598229 1.39983878337735e-05 129 5506
1.2009864 1.41014477807745e-05 130 5558
1.20599051 1.41014477807745e-05 130 5547
1.21099462 1.42045077277755e-05 131 5541
1.21599873 1.42045077277755e-05 131 5538
1.22100284 1.42045077277755e-05 131 5583
1.22600695 1.43612490246707e-05 132 5576
1.23101106 1.43612490246707e-05 132 5571
1.23601517 1.43612490246707e-05 132 5564
1.24101928 1.45179903215658e-05 133 5608
1.24602339 1.45812820115178e-05 134 5601
1.2510275 1.45812820115178e-05 134 5587
1.25603161 1.45812820115178e-05 134 5581
1.26103572 1.45812820115178e-05 134 5631
1.26603983 1.4738023308413e-05 135 5618
1.27104394 1.4738023308413e-05 135 5608
1.27604805 1.4841083255414e-05 136 5604
1.28105216 1.4841083255414e-05 136 5652
1.28605627 1.4841083255414e-05 136 5646
1.29106038 1.4841083255414e-05 136 5638
1.29606449 1.4841083255414e-05 136 5631
1.3010686 1.4944143202415e-05 137 5677
1.30607271 1.4944143202415e-05 137 5674
1.31107682 1.4944143202415e-05 137 5668
1.31608093 1.4944143202415e-05 137 5663
1.32108504 1.4944143202415e-05 137 5707
1.32608915 1.5047203149416e-05 138 5700
1.33109326 1.5047203149416e-05 138 5691
1.33609737 1.5047203149416e-05 138 5681
1.34110148 1.5047203149416e-05 138 5729
1.34610559 1.5047203149416e-05 138 5727
1.3511097 1.5047203149416e-05 138 5722
1.35611381 1.5047203149416e-05 138 5716
1.36111792 1.5047203149416e-05 138 5769
1.36612203 1.5047203149416e-05 138 5762
1.37112614 1.5047203149416e-05 138 5756
1.37613025 1.52039444463112e-05 139 5743
1.38113436 1.52039444463112e-05 139 5791
1.38613847 1.52039444463112e-05 139 5784
1.39114258 1.52039444463112e-05 139 5779
1.39614669 1.52039444463112e-05 139 5773
1.4011508 1.52039444463112e-05 139 5826
1.40615491 1.52039444463112e-05 139 5821
1.41115902 1.52039444463112e-05 139 5818
1.41616313 1.52039444463112e-05 139 5812
1.42116724 1.52672361362632e-05 140 5864
1.42617135 1.52672361362632e-05 140 5859
1.43117546 1.52672361362632e-05 140 5849
1.43617957 1.52672361362632e-05 140 5846
1.44118368 1.52672361362632e-05 140 5887
1.44618779 1.53702960832642e-05 141 5879
1.4511919 1.55270373801594e-05 142 5873
1.45619601 1.55270373801594e-05 142 5862
1.46120012 1.55270373801594e-05 142 5910
1.46620423 1.56837786770545e-05 143 5901
1.47120834 1.56837786770545e-05 143 5894
1.47621245 1.56837786770545e-05 143 5884
1.48121656 1.56837786770545e-05 143 5924
1.48622067 1.56837786770545e-05 143 5918
1.49122478 1.56837786770545e-05 143 5910
1.49622889 1.56837786770545e-05 143 5907
1.501233 1.56837786770545e-05 143 5945
1.50623711 1.56837786770545e-05 143 5945
1.51124122 1.56837786770545e-05 143 5939
1.51624533 1.56837786770545e-05 143 5936
1.52124944 1.56837786770545e-05 143 5985
1.52625355 1.57868386240555e-05 144 5983
1.53125766 1.58898985710566e-05 145 5976
1.53626177 1.60562502080096e-05 147 5967
1.54126588 1.60562502080096e-05 147 6017
1.54626999 1.62129915049047e-05 148 6007
1.5512741 1.62129915049047e-05 148 6003
1.55627821 1.62129915049047e-05 148 5998
1.56128232 1.62129915049047e-05 148 6046
1.56628643 1.62129915049047e-05 148 6040
1.57129054 1.63160514519057e-05 149 6033
1.57629465 1.63160514519057e-05 149 6025
1.58129876 1.64191113989068e-05 150 6069
1.58630287 1.64191113989068e-05 150 6057
1.59130698 1.64191113989068e-05 150 6053
1.59631109 1.65221713459078e-05 151 6044
1.6013152 1.66252312929088e-05 152 6079
1.60631931 1.66252312929088e-05 152 6069
1.61132342 1.66252312929088e-05 152 6062
1.61632753 1.67819725898039e-05 153 6054
1.62133164 1.67819725898039e-05 153 6101
1.62633575 1.67819725898039e-05 153 6092
1.63133986 1.6885032536805e-05 154 6087
1.63634397 1.70417738337001e-05 155 6081
1.64134808 1.70417738337001e-05 155 6129
1.64635219 1.70417738337001e-05 155 6121
1.6513563 1.70417738337001e-05 155 6118
1.65636041 1.70417738337001e-05 155 6110
1.66136452 1.71050655236521e-05 156 6160
1.66636863 1.72081254706531e-05 157 6153
1.67137274 1.72081254706531e-05 157 6143
1.67637685 1.72081254706531e-05 157 6137
1.68138096 1.74142453646552e-05 159 6182
1.68638507 1.74142453646552e-05 159 6173
1.69138918 1.74142453646552e-05 159 6169
1.69639329 1.75173053116562e-05 160 6160
1.7013974 1.75173053116562e-05 160 6200
1.70640151 1.75173053116562e-05 160 6197
1.71140562 1.77771065555523e-05 162 6188
1.71640973 1.77771065555523e-05 162 6185
1.72141384 1.81538808392947e-05 165 6217
1.72641795 1.81538808392947e-05 165 6213
1.73142206 1.81538808392947e-05 165 6202
1.73642617 1.81538808392947e-05 165 6196
1.74143028 1.81538808392947e-05 165 6235
1.74643439 1.81538808392947e-05 165 6228
1.7514385 1.83739138261418e-05 167 6213
1.75644261 1.88139797998362e-05 171 6202
1.76144672 1.89170397468372e-05 172 6240
1.76645083 1.89170397468372e-05 172 6235
1.77145494 1.89170397468372e-05 172 6233
1.77645905 1.91768409907333e-05 174 6223
1.78146316 1.91768409907333e-05 174 6240
1.78646727 1.91768409907333e-05 174 6234
1.79147138 1.91768409907333e-05 174 6230
1.79647549 1.91768409907333e-05 174 6220
1.8014796 1.91768409907333e-05 174 6237
1.80648371 1.91768409907333e-05 174 6229
1.81148782 1.92401326806853e-05 175 6220
1.81649193 1.92401326806853e-05 175 6213
1.82149604 1.92401326806853e-05 175 6221
1.82650015 1.93968739775805e-05 176 6211
1.83150426 1.94999339245815e-05 177 6206
1.83650837 1.96566752214767e-05 178 6199
1.84151248 1.96566752214767e-05 178 6202
1.84651659 1.98134165183719e-05 179 6197
1.8515207 1.98134165183719e-05 179 6193
1.85652481 1.98767082083239e-05 180 6190
1.86152892 2.0033449505219e-05 181 6194
1.86653303 2.02534824920662e-05 183 6190
1.87153714 2.03565424390672e-05 184 6186
1.87654125 2.03565424390672e-05 184 6184
1.88154536 2.03565424390672e-05 184 6189
1.88654947 2.07333167228095e-05 187 6186
1.89155358 2.07966084127615e-05 188 6181
1.89655769 2.08599001027135e-05 189 6178
1.9015618 2.09629600497145e-05 190 6183
1.90656591 2.10262517396665e-05 191 6181
1.91157002 2.11293116866675e-05 192 6179
1.91657413 2.12860529835627e-05 193 6177
1.92157824 2.13891129305637e-05 194 6183
1.92658235 2.13891129305637e-05 194 6181
1.93158646 2.13891129305637e-05 194 6179
1.93659057 2.14921728775647e-05 195 6177
1.94159468 2.14921728775647e-05 195 6183
1.94659879 2.14921728775647e-05 195 6182
1.9516029 2.15952328245657e-05 196 6180
1.95660701 2.16585245145177e-05 197 6178
1.96161112 2.16585245145177e-05 197 6182
1.96661523 2.16585245145177e-05 197 6177
1.97161934 2.16585245145177e-05 197 6175
1.97662345 2.16585245145177e-05 197 6174
1.98162756 2.16585245145177e-05 197 6176
1.98663167 2.17615844615187e-05 198 6175
1.99163578 2.17615844615187e-05 198 6172
1.99663989 2.17615844615187e-05 198 6172
2.001644 2.17615844615187e-05 198 6181
2.00664811 2.17615844615187e-05 198 6180
2.01165222 2.17615844615187e-05 198 6178
2.01665633 2.17615844615187e-05 198 6176
2.02166044 2.19183257584139e-05 199 6176
2.02666455 2.19183257584139e-05 199 6176
2.03166866 2.19183257584139e-05 199 6174
2.03667277 2.19183257584139e-05 199 6173
2.04167688 2.19183257584139e-05 199 6176
2.04668099 2.19183257584139e-05 199 6175
2.0516851 2.19816174483659e-05 200 6172
2.05668921 2.19816174483659e-05 200 6172
2.06169332 2.19816174483659e-05 200 6174
2.06669743 2.19816174483659e-05 200 6174
2.07170154 2.19816174483659e-05 200 6173
2.07670565 2.19816174483659e-05 200 6173
2.08170976 2.19816174483659e-05 200 6174
2.08671387 2.19816174483659e-05 200 6174
2.09171798 2.19816174483659e-05 200 6173
2.09672209 2.19816174483659e-05 200 6171
2.1017262 2.19816174483659e-05 200 6173
2.10673031 2.19816174483659e-05 200 6172
2.11173442 2.19816174483659e-05 200 6172
2.11673853 2.19816174483659e-05 200 6172
2.12174264 2.19816174483659e-05 200 6175
2.12674675 2.19816174483659e-05 200 6175
2.13175086 2.19816174483659e-05 200 6175
2.13675497 2.19816174483659e-05 200 6172
2.14175908 2.19816174483659e-05 200 6176
2.14676319 2.19816174483659e-05 200 6173
2.1517673 2.19816174483659e-05 200 6171
2.15677141 2.19816174483659e-05 200 6171
2.16177552 2.19816174483659e-05 200 6173
2.16677963 2.19816174483659e-05 200 6172
2.17178374 2.19816174483659e-05 200 6171
2.17678785 2.19816174483659e-05 200 6171
2.18179196 2.19816174483659e-05 200 6172
2.18679607 2.19816174483659e-05 200 6172
2.19180018 2.19816174483659e-05 200 6172
2.19680429 2.19816174483659e-05 200 6172
2.2018084 2.19816174483659e-05 200 6173
2.20681251 2.19816174483659e-05 200 6171
2.21181662 2.19816174483659e-05 200 6171
2.21682073 2.19816174483659e-05 200 6170
2.22182484 2.19816174483659e-05 200 6173
2.22682895 2.19816174483659e-05 200 6172
2.23183306 2.19816174483659e-05 200 6170
2.23683717 2.19816174483659e-05 200 6169
2.24184128 2.19816174483659e-05 200 6171
2.24684539 2.19816174483659e-05 200 6170
2.2518495 2.19816174483659e-05 200 6170
